>merge_4
0.266125	0.070016	0.313709	0.350150
0.081023	0.076031	0.486316	0.356630
0.025007	0.810437	0.034014	0.130542
0.001500	0.032004	0.000000	0.966496
0.965011	0.008501	0.009999	0.016490
0.084054	0.009500	0.004002	0.902444
0.083046	0.011000	0.010004	0.895951
0.043031	0.060047	0.007508	0.889415
0.209617	0.101039	0.009509	0.679836
0.105575	0.027513	0.096581	0.770331
0.617811	0.001499	0.377686	0.003005
0.088524	0.035523	0.784410	0.091542
0.335633	0.438723	0.102555	0.123089
