>merge_12
0.244375	0.284125	0.227875	0.243625
0.264250	0.250375	0.224500	0.260875
0.016577	0.009600	0.008841	0.964983
0.248094	0.004360	0.745305	0.002241
0.003737	0.007720	0.009963	0.978581
0.004484	0.001869	0.077102	0.916545
0.003116	0.001871	0.191484	0.803529
0.796720	0.005485	0.184087	0.013708
0.012955	0.883172	0.005231	0.098642
0.417006	0.139151	0.009466	0.434377
0.088964	0.318717	0.136252	0.456067
0.513287	0.036278	0.054879	0.395556
0.244376	0.188981	0.363652	0.202990
0.219750	0.257500	0.273750	0.249000
