>merge_55
0.266616	0.152607	0.282464	0.298313
0.063991	0.051872	0.836579	0.047559
0.423605	0.341813	0.057213	0.177369
0.302289	0.119841	0.088806	0.489065
0.945906	0.020365	0.015921	0.017808
0.043266	0.917939	0.022744	0.016052
0.869783	0.019676	0.007203	0.103337
0.640773	0.165689	0.056551	0.136986
0.272618	0.005558	0.020587	0.701237
0.023412	0.020076	0.950331	0.006181
0.018608	0.017166	0.005735	0.958491
0.597219	0.027614	0.102249	0.272919
0.267983	0.011693	0.440646	0.279677
0.021453	0.949492	0.013161	0.015895
0.488945	0.271923	0.030544	0.208588
0.477246	0.142126	0.258237	0.122391
0.276930	0.228985	0.215286	0.278798
