>merge_54
0.367424	0.181150	0.253342	0.198084
0.342469	0.160651	0.358512	0.138369
0.326426	0.223039	0.283645	0.166889
0.098508	0.224433	0.149858	0.527201
0.279665	0.562605	0.117163	0.040567
0.088484	0.222519	0.135084	0.553912
0.023770	0.950678	0.016872	0.008680
0.072222	0.008851	0.901554	0.017373
0.015920	0.941436	0.013918	0.028727
0.019423	0.007740	0.967269	0.005567
0.854022	0.017263	0.117690	0.011024
0.015481	0.016420	0.937028	0.031071
0.801189	0.038223	0.138272	0.022316
0.311531	0.182562	0.340319	0.165588
