>merge_95
0.562744	0.042285	0.351323	0.043648
0.076416	0.008532	0.853346	0.061707
0.077867	0.020329	0.760548	0.141257
0.061250	0.125543	0.270945	0.542262
0.022188	0.732372	0.125970	0.119470
0.779568	0.054861	0.121923	0.043648
0.377079	0.236276	0.199255	0.187390
0.031176	0.079697	0.044656	0.844471
0.044385	0.038479	0.913506	0.003630
0.684869	0.092120	0.160336	0.062675
0.132937	0.828487	0.019288	0.019288
0.082678	0.863453	0.002179	0.051691
0.044154	0.379617	0.149449	0.426780
0.152518	0.418682	0.169126	0.259673
0.207275	0.183649	0.346643	0.262433
0.304525	0.202980	0.369672	0.122823
0.136935	0.084204	0.596236	0.182625
0.134072	0.120462	0.579035	0.166432
0.198529	0.238834	0.265523	0.297113
0.150599	0.458878	0.175109	0.215414
