>merge_164
0.202563	0.292855	0.262305	0.242278
0.190873	0.212664	0.347045	0.249419
0.065025	0.144422	0.112982	0.677571
0.304546	0.140783	0.015783	0.538888
0.796717	0.046717	0.000000	0.156566
0.000000	0.988636	0.000000	0.011364
0.037678	0.011364	0.950958	0.000000
0.016972	0.786151	0.000000	0.196877
0.131365	0.017312	0.848459	0.002865
0.118975	0.401204	0.017481	0.462340
0.211767	0.137161	0.401081	0.249990
0.182134	0.343750	0.136679	0.337437
0.232639	0.226326	0.297033	0.244003
