>merge_109
0.228857	0.211429	0.312000	0.247714
0.325452	0.329331	0.220538	0.124679
0.026653	0.009924	0.012901	0.950522
0.014828	0.028704	0.864569	0.091899
0.882858	0.051795	0.006856	0.058491
0.122639	0.001793	0.865857	0.009712
0.018825	0.018743	0.012822	0.949610
0.047752	0.934619	0.013059	0.004570
0.983600	0.004576	0.003383	0.008441
0.052545	0.323334	0.218179	0.405942
0.245795	0.339024	0.185175	0.230007
0.256568	0.259766	0.245786	0.237880
