>merge_156
0.249636	0.251285	0.251226	0.247852
0.241003	0.219751	0.259490	0.279756
0.370614	0.153875	0.444184	0.031327
0.005403	0.005913	0.006095	0.982589
0.005892	0.003540	0.170623	0.819945
0.577540	0.004802	0.335416	0.082242
0.037049	0.552990	0.037613	0.372348
0.028857	0.003378	0.963583	0.004182
0.031644	0.685353	0.002773	0.280231
0.983120	0.013939	0.001237	0.001704
0.994071	0.001588	0.002519	0.001822
0.013978	0.352667	0.115125	0.518230
0.309812	0.326361	0.199002	0.164825
0.248414	0.263304	0.249723	0.238559
