>merge_27
0.271856	0.229176	0.253297	0.245670
0.301123	0.144802	0.405468	0.148607
0.417814	0.059725	0.475082	0.047379
0.046544	0.048017	0.852767	0.052672
0.037596	0.046145	0.772217	0.144041
0.031207	0.112497	0.084553	0.771742
0.091387	0.738021	0.081382	0.089210
0.888472	0.034711	0.039025	0.037792
0.824749	0.010772	0.112051	0.052427
0.904128	0.001448	0.093779	0.000645
0.000630	0.001018	0.996246	0.002106
0.001872	0.000721	0.968382	0.029025
0.001765	0.004537	0.031146	0.962552
0.011733	0.873696	0.039306	0.075265
0.828094	0.010880	0.152340	0.008686
0.300057	0.267048	0.141284	0.291611
0.248886	0.199101	0.390827	0.161187
