>merge_72
0.233552	0.173584	0.267552	0.325311
0.378182	0.077948	0.500484	0.043386
0.312487	0.219422	0.272793	0.195297
0.010608	0.285228	0.310082	0.394082
0.049484	0.660291	0.012522	0.277703
0.765852	0.034464	0.179246	0.020438
0.248854	0.265887	0.319208	0.166050
0.001961	0.210648	0.007835	0.779555
0.023533	0.653766	0.316184	0.006517
0.893381	0.000616	0.102978	0.003026
0.661289	0.039618	0.009013	0.290080
0.000000	0.148145	0.851745	0.000110
0.000286	0.997737	0.001558	0.000419
0.089533	0.000551	0.898895	0.011021
0.005800	0.004574	0.028687	0.960940
0.121031	0.005323	0.864077	0.009569
0.806428	0.048166	0.073323	0.072083
0.099947	0.799911	0.049935	0.050207
0.148511	0.250961	0.442842	0.157685
0.261948	0.222176	0.326604	0.189272
