>merge_160
0.203762	0.313852	0.206080	0.276306
0.121745	0.116689	0.588411	0.173155
0.134657	0.251113	0.085590	0.528640
0.047777	0.103467	0.811524	0.037232
0.015861	0.016162	0.940809	0.027168
0.006563	0.001714	0.983792	0.007931
0.020701	0.000464	0.972391	0.006445
0.025174	0.000000	0.974826	0.000000
0.020820	0.008335	0.908928	0.061916
0.044047	0.034322	0.666853	0.254778
0.202813	0.392316	0.296532	0.108339
0.198815	0.148111	0.480700	0.172374
0.217841	0.211575	0.247576	0.323008
0.225570	0.224506	0.251936	0.297987
