>merge_31
0.256000	0.244706	0.245109	0.254185
0.262841	0.296947	0.238589	0.201622
0.127239	0.438690	0.141746	0.292324
0.218637	0.080001	0.182498	0.518864
0.606706	0.199957	0.113111	0.080226
0.873605	0.025550	0.029057	0.071789
0.004227	0.012797	0.001814	0.981162
0.156426	0.003420	0.000739	0.839415
0.185764	0.001006	0.000000	0.813229
0.011992	0.002348	0.982837	0.002824
0.058207	0.935071	0.003226	0.003496
0.980378	0.004841	0.008664	0.006118
0.017074	0.005849	0.002017	0.975060
0.921099	0.006653	0.052555	0.019693
0.231692	0.152930	0.024096	0.591282
0.120554	0.068740	0.357097	0.453609
0.108510	0.497793	0.101125	0.292572
0.551758	0.103281	0.134396	0.210565
