>merge_135
0.219375	0.292917	0.251458	0.236250
0.356535	0.187997	0.245266	0.210202
0.177260	0.226749	0.174582	0.421410
0.021740	0.013698	0.010596	0.953966
0.035912	0.025756	0.037137	0.901195
0.066272	0.898633	0.008633	0.026462
0.033437	0.625561	0.012554	0.328448
0.004170	0.408345	0.002171	0.585314
0.426525	0.037751	0.484508	0.051217
0.034359	0.012460	0.861352	0.091828
0.864285	0.090447	0.009820	0.035448
0.901401	0.021721	0.054403	0.022474
0.406219	0.164506	0.268107	0.161168
0.232080	0.210022	0.297186	0.260711
0.246743	0.287659	0.226202	0.239395
0.279142	0.241232	0.235554	0.244071
