>merge_137
0.234208	0.285624	0.241343	0.238825
0.271354	0.259182	0.225813	0.243652
0.317715	0.166236	0.413576	0.102473
0.514226	0.026560	0.431740	0.027475
0.091131	0.007270	0.843314	0.058285
0.065473	0.013610	0.753375	0.167542
0.031128	0.146649	0.190679	0.631544
0.076321	0.628029	0.113282	0.182369
0.773305	0.050284	0.087653	0.088758
0.175956	0.330718	0.230454	0.262872
0.154602	0.384366	0.182062	0.278969
0.185433	0.259295	0.111578	0.443694
0.235202	0.211827	0.460540	0.092431
0.725867	0.022237	0.210783	0.041113
0.015201	0.001911	0.968952	0.013936
0.012092	0.009411	0.800774	0.177723
0.271479	0.148756	0.124085	0.455680
0.038292	0.803498	0.072686	0.085524
0.839859	0.040208	0.067137	0.052795
