>merge_65
0.269380	0.275251	0.319340	0.136029
0.117072	0.839002	0.024677	0.019249
0.771858	0.029056	0.177217	0.021869
0.008975	0.887216	0.032406	0.071403
0.057195	0.015404	0.900048	0.027354
0.016151	0.112602	0.035954	0.835292
0.012229	0.017703	0.891943	0.078125
0.127239	0.288252	0.304510	0.280000
0.261704	0.217567	0.192620	0.328109
0.322109	0.167704	0.207954	0.302234
0.362517	0.152915	0.283477	0.201091
0.329122	0.317832	0.256603	0.096443
0.000208	0.999792	0.000000	0.000000
0.999943	0.000000	0.000057	0.000000
0.000000	0.999516	0.000000	0.000484
0.000208	0.000000	0.999620	0.000172
0.000208	0.000287	0.000115	0.999391
0.000000	0.000057	0.999139	0.000803
0.079897	0.257556	0.334012	0.328534
0.217996	0.332660	0.113902	0.335442
0.263559	0.278364	0.173017	0.285059
0.244912	0.265680	0.234112	0.255296
