>merge_62
0.240459	0.223609	0.303737	0.232195
0.492823	0.078145	0.380847	0.048185
0.023303	0.006392	0.960940	0.009365
0.445861	0.070376	0.180181	0.303581
0.982411	0.004073	0.008258	0.005259
0.004317	0.985027	0.004455	0.006201
0.901372	0.004422	0.075800	0.018406
0.180813	0.338765	0.085882	0.394539
0.530760	0.099644	0.237923	0.131673
0.604848	0.071325	0.214279	0.109548
0.021181	0.028700	0.003901	0.946218
0.001371	0.000369	0.997891	0.000369
0.003216	0.000422	0.000316	0.996046
0.388265	0.100466	0.019968	0.491301
0.001792	0.993990	0.000738	0.003480
0.088637	0.536965	0.035415	0.338983
0.238608	0.319753	0.176826	0.264812
0.219751	0.174377	0.268090	0.337782
0.235839	0.219528	0.257785	0.286848
