>merge_157
0.202937	0.302334	0.248494	0.246235
0.228539	0.134413	0.215738	0.421310
0.189006	0.446536	0.126130	0.238328
0.812365	0.078933	0.047392	0.061310
0.046185	0.039884	0.052840	0.861091
0.028042	0.019625	0.914765	0.037568
0.212678	0.679040	0.046033	0.062248
0.738820	0.013964	0.002669	0.244546
0.613741	0.008350	0.052899	0.325011
0.946536	0.020708	0.013554	0.019202
0.121988	0.014374	0.034464	0.829174
0.033630	0.047810	0.319532	0.599028
0.404056	0.225943	0.156329	0.213672
0.335656	0.199226	0.310651	0.154467
0.233732	0.225370	0.250125	0.290774
0.218964	0.247573	0.257331	0.276133
