>merge_70
0.485154	0.089982	0.310043	0.114820
0.323696	0.190465	0.223177	0.262663
0.346334	0.076940	0.564044	0.012683
0.305801	0.072986	0.010206	0.611006
0.558222	0.146760	0.002836	0.292182
0.984327	0.003235	0.000950	0.011488
0.984243	0.001550	0.000509	0.013699
0.000055	0.155244	0.000000	0.844701
0.671371	0.000000	0.328629	0.000000
0.000000	0.000000	0.000000	1.000000
0.000282	0.000000	0.000000	0.999718
0.111996	0.000000	0.109346	0.778657
0.805248	0.001673	0.075375	0.117705
0.000055	0.712430	0.038108	0.249407
0.308250	0.104155	0.112608	0.474986
0.017164	0.155687	0.008027	0.819123
0.631599	0.003021	0.016537	0.348843
0.479565	0.097014	0.307392	0.116030
0.153830	0.359981	0.313695	0.172495
0.226056	0.281761	0.292900	0.199282
