>merge_18
0.365143	0.124110	0.326022	0.184724
0.303826	0.102504	0.445962	0.147708
0.073548	0.272885	0.574053	0.079514
0.112180	0.064777	0.038139	0.784904
0.023795	0.025915	0.934048	0.016242
0.223680	0.325919	0.182838	0.267563
0.038474	0.012784	0.066677	0.882065
0.029796	0.004665	0.954804	0.010734
0.901864	0.017139	0.043502	0.037495
0.157220	0.680752	0.129595	0.032432
0.872065	0.004862	0.032178	0.090895
0.118667	0.026614	0.735802	0.118917
0.185697	0.303103	0.411518	0.099681
0.262650	0.254138	0.196445	0.286767
