>merge_122
0.210517	0.312640	0.247891	0.228953
0.405398	0.206590	0.272964	0.115047
0.560374	0.116960	0.092007	0.230659
0.714300	0.105671	0.035922	0.144107
0.205408	0.447043	0.139805	0.207744
0.008869	0.891996	0.010176	0.088959
0.001531	0.001732	0.994279	0.002458
0.995692	0.003693	0.000168	0.000447
0.986103	0.001341	0.000414	0.012143
0.989050	0.001508	0.000000	0.009441
0.149178	0.606332	0.205323	0.039168
0.015239	0.590407	0.014372	0.379982
0.156733	0.121754	0.670628	0.050885
0.620979	0.119398	0.175238	0.084384
0.647780	0.102352	0.092377	0.157491
0.698976	0.117847	0.054396	0.128781
0.215732	0.396997	0.204435	0.182836
0.167594	0.329307	0.123635	0.379465
0.253771	0.231927	0.254944	0.259358
