>merge_139
0.247358	0.242922	0.272211	0.237508
0.302218	0.131191	0.384357	0.182233
0.248541	0.123296	0.550677	0.077486
0.369088	0.084470	0.395798	0.150644
0.104563	0.022084	0.849502	0.023850
0.019838	0.022222	0.930610	0.027330
0.031648	0.044766	0.918070	0.005517
0.679151	0.118461	0.001807	0.200581
0.068262	0.004017	0.908302	0.019419
0.084307	0.030576	0.801760	0.083357
0.335462	0.058677	0.539453	0.066408
0.241988	0.112030	0.534897	0.111085
0.188233	0.213791	0.388994	0.208983
0.231483	0.272240	0.300839	0.195438
0.229346	0.224486	0.268942	0.277226
