>merge_40
0.218656	0.185926	0.378776	0.216641
0.205564	0.210096	0.378273	0.206067
0.242321	0.208585	0.245846	0.303248
0.520505	0.307276	0.065789	0.106430
0.666280	0.019063	0.041180	0.273476
0.084303	0.387442	0.407315	0.120941
0.072310	0.091363	0.083307	0.753020
0.485607	0.007042	0.487291	0.020060
0.030088	0.000504	0.888662	0.080747
0.021070	0.011042	0.955859	0.012028
0.058824	0.134317	0.158110	0.648749
0.022063	0.899172	0.023595	0.055169
0.968884	0.008521	0.010056	0.012539
0.188726	0.254268	0.448625	0.108381
0.221871	0.154909	0.224406	0.398815
0.265364	0.111860	0.484791	0.137986
0.188124	0.119483	0.477590	0.214804
0.196786	0.167641	0.478431	0.157141
