>merge_7
0.279400	0.275379	0.410781	0.034441
0.229371	0.032430	0.705216	0.032984
0.038112	0.019610	0.907284	0.034994
0.021620	0.000000	0.965006	0.013374
0.010810	0.953642	0.002564	0.032984
0.015938	0.000000	0.000000	0.984062
0.609936	0.013374	0.374126	0.002564
0.015385	0.083362	0.893007	0.008246
0.793153	0.103875	0.095280	0.007692
0.664540	0.110664	0.028759	0.196037
0.099854	0.002564	0.895017	0.002564
0.180099	0.502943	0.122931	0.194027
0.093619	0.723164	0.008246	0.174971
0.213986	0.133741	0.190006	0.462267
0.219668	0.208508	0.483333	0.088491
