>merge_37
0.280829	0.162903	0.406733	0.149536
0.289277	0.231932	0.230679	0.248112
0.046297	0.266634	0.263437	0.423632
0.131127	0.619038	0.042395	0.207439
0.568371	0.103119	0.293998	0.034512
0.268394	0.227963	0.313526	0.190117
0.013348	0.222306	0.039518	0.724828
0.047329	0.547990	0.347691	0.056990
0.812579	0.003942	0.157710	0.025769
0.702768	0.026971	0.019170	0.251091
0.000674	0.176162	0.821907	0.001256
0.001165	0.991766	0.004253	0.002815
0.133948	0.002115	0.854534	0.009404
0.009516	0.034239	0.051036	0.905210
0.220079	0.011365	0.720073	0.048483
0.837912	0.040392	0.048611	0.073085
0.137202	0.792313	0.029697	0.040788
0.119655	0.314076	0.442409	0.123861
0.250577	0.220256	0.327573	0.201594
