>merge_57
0.114304	0.321200	0.289228	0.275268
0.089741	0.473763	0.214534	0.221962
0.010040	0.823916	0.059266	0.106778
0.012813	0.026659	0.002025	0.958504
0.001387	0.045668	0.015391	0.937554
0.012028	0.002713	0.004595	0.980664
0.025037	0.128174	0.812409	0.034380
0.876774	0.020320	0.014244	0.088661
0.257312	0.004746	0.018692	0.719249
0.036488	0.444330	0.493607	0.025575
0.119571	0.146691	0.053850	0.679887
0.112240	0.271028	0.277782	0.338950
0.222245	0.234378	0.285339	0.258038
0.224065	0.248534	0.264307	0.263094
0.231951	0.253792	0.242063	0.272194
