>merge_43
0.290017	0.224010	0.245462	0.240512
0.456714	0.119143	0.217247	0.206897
0.582182	0.113806	0.147205	0.156807
0.533079	0.289867	0.080852	0.096203
0.484676	0.390621	0.057251	0.067451
0.664036	0.198510	0.052702	0.084753
0.579280	0.074352	0.055452	0.290916
0.324815	0.070704	0.185460	0.419021
0.291316	0.087805	0.331665	0.289213
0.281467	0.170011	0.398669	0.149854
0.182560	0.291718	0.332615	0.193106
0.053103	0.569282	0.223661	0.153954
0.039600	0.586387	0.019950	0.354062
0.973848	0.005100	0.005900	0.015151
0.000800	0.000400	0.004400	0.994400
0.000000	0.003700	0.001200	0.995100
0.000200	0.007201	0.992599	0.000000
0.003650	0.011301	0.000400	0.984649
0.030251	0.036603	0.049654	0.883492
0.123106	0.653233	0.073205	0.150456
0.140307	0.197961	0.236207	0.425526
0.196710	0.325019	0.208458	0.269813
0.217822	0.247525	0.262376	0.272277
