>merge_104
0.303032	0.139366	0.418993	0.138609
0.242308	0.226918	0.401926	0.128849
0.452757	0.203752	0.161068	0.182424
0.407903	0.158125	0.260029	0.173943
0.384338	0.164329	0.396467	0.054866
0.053707	0.829038	0.111729	0.005525
0.891746	0.001970	0.007602	0.098682
0.015231	0.034056	0.946226	0.004487
0.516583	0.293433	0.157061	0.032924
0.273915	0.069257	0.059565	0.597264
0.310129	0.042297	0.550545	0.097029
0.289241	0.095698	0.341321	0.273741
0.131871	0.241642	0.378561	0.247926
0.325985	0.228448	0.266872	0.178695
