>merge_91
0.240680	0.212629	0.273313	0.273379
0.381900	0.095219	0.288212	0.234669
0.838906	0.010992	0.117637	0.032465
0.033717	0.036093	0.911787	0.018403
0.001329	0.000587	0.997611	0.000473
0.001563	0.086026	0.000950	0.911461
0.000112	0.000000	0.999855	0.000033
0.045182	0.083857	0.035955	0.835006
0.017392	0.119790	0.663054	0.199763
0.869726	0.022446	0.083927	0.023900
0.504053	0.127401	0.173242	0.195304
0.352667	0.147875	0.283096	0.216362
0.249526	0.179427	0.249175	0.321872
0.240119	0.223748	0.243475	0.292657
0.250314	0.241021	0.262039	0.246626
