>merge_128
0.257414	0.233132	0.233994	0.275460
0.263211	0.215973	0.296417	0.224399
0.338796	0.233969	0.210649	0.216586
0.506833	0.114083	0.115690	0.263393
0.119986	0.173585	0.024460	0.681969
0.972176	0.005001	0.005916	0.016907
0.003842	0.001701	0.004214	0.990243
0.002400	0.001504	0.903446	0.092650
0.067928	0.823628	0.023304	0.085140
0.912117	0.005759	0.006683	0.075440
0.639333	0.024422	0.075110	0.261134
0.908091	0.018495	0.039664	0.033749
0.114333	0.066316	0.067461	0.751890
0.204114	0.134522	0.371420	0.289944
