>merge_51
0.188397	0.290072	0.314593	0.206938
0.154904	0.375598	0.223684	0.245813
0.122175	0.306685	0.354621	0.216519
0.003723	0.002184	0.991823	0.002271
0.003071	0.010425	0.002831	0.983673
0.050074	0.041634	0.002152	0.906140
0.181452	0.005055	0.754177	0.059315
0.000051	0.906889	0.000306	0.092753
0.001794	0.726321	0.002371	0.269514
0.922432	0.012641	0.035523	0.029404
0.067333	0.019601	0.089247	0.823819
0.077250	0.004108	0.906704	0.011939
0.082262	0.042379	0.871082	0.004276
0.237699	0.309824	0.109342	0.343135
0.516485	0.042420	0.268989	0.172106
0.864887	0.066143	0.038050	0.030920
0.051779	0.805118	0.031107	0.111996
0.210932	0.278291	0.368990	0.141786
