>merge_165
0.181750	0.255250	0.276625	0.286375
0.214651	0.280266	0.209147	0.295936
0.158552	0.443112	0.318441	0.079895
0.087334	0.407643	0.111934	0.393089
0.981015	0.005276	0.012482	0.001227
0.005251	0.001715	0.943757	0.049277
0.004875	0.002250	0.908099	0.084775
0.003241	0.980451	0.003217	0.013091
0.027902	0.881383	0.011212	0.079502
0.115823	0.288787	0.199744	0.395646
0.233298	0.348521	0.220973	0.197207
0.259207	0.083768	0.459208	0.197817
0.177625	0.379000	0.265000	0.178375
