>merge_102
0.247626	0.244592	0.256924	0.250858
0.233431	0.243127	0.230888	0.292553
0.219689	0.271048	0.228656	0.280607
0.199822	0.295602	0.248005	0.256571
0.171670	0.241723	0.166342	0.420266
0.006571	0.026444	0.004393	0.962592
0.059519	0.012530	0.924108	0.003842
0.002817	0.009735	0.005125	0.982323
0.002805	0.003624	0.031500	0.962071
0.001847	0.012132	0.142429	0.843591
0.820753	0.064713	0.033805	0.080728
0.006003	0.723586	0.017162	0.253250
0.288221	0.202884	0.249468	0.259426
0.209087	0.223050	0.188084	0.379779
0.260869	0.235330	0.234709	0.269092
