>merge_131
0.248782	0.248847	0.249039	0.253332
0.256575	0.232477	0.261243	0.249704
0.227884	0.308352	0.259299	0.204466
0.264093	0.236977	0.372833	0.126097
0.049969	0.493597	0.221582	0.234852
0.012032	0.097800	0.010318	0.879851
0.979034	0.018327	0.002536	0.000103
0.999803	0.000000	0.000197	0.000000
0.000000	0.000034	0.000015	0.999952
0.000021	0.007664	0.004566	0.987749
0.875292	0.003298	0.118712	0.002698
0.294850	0.160486	0.479708	0.064956
0.109954	0.384474	0.180588	0.324984
0.155876	0.267866	0.190792	0.385467
0.405507	0.196855	0.151182	0.246456
0.420809	0.178884	0.147214	0.253093
0.306848	0.168347	0.132493	0.392311
0.348756	0.143504	0.130875	0.376865
0.354814	0.149403	0.172446	0.323337
0.286519	0.183892	0.200702	0.328887
0.250725	0.220153	0.236142	0.292981
0.259753	0.234776	0.252240	0.253232
0.252517	0.247867	0.249157	0.250458
