>merge_15
0.226371	0.339496	0.235676	0.198457
0.303841	0.111623	0.045305	0.539231
0.032572	0.028868	0.922274	0.016286
0.055118	0.052713	0.102834	0.789335
0.003321	0.958274	0.019011	0.019394
0.004301	0.005663	0.002342	0.987694
0.137170	0.196846	0.633751	0.032233
0.232205	0.129655	0.382767	0.255373
0.056160	0.846080	0.054076	0.043685
0.696284	0.062589	0.079221	0.161907
0.056951	0.769621	0.123866	0.049561
0.132379	0.586086	0.066105	0.215430
0.148345	0.250984	0.111259	0.489412
