>merge_81
0.114465	0.241878	0.294374	0.349283
0.035483	0.575624	0.185437	0.203456
0.053518	0.586140	0.045006	0.315336
0.434150	0.030021	0.027522	0.508308
0.010007	0.031529	0.028511	0.929954
0.037019	0.005004	0.018011	0.939967
0.059001	0.212506	0.692490	0.036003
0.261057	0.014510	0.017512	0.706921
0.167482	0.255870	0.160481	0.416168
0.657319	0.136780	0.069965	0.135935
0.066481	0.045427	0.047985	0.840107
0.032458	0.057916	0.752714	0.156913
0.050952	0.608204	0.131411	0.209432
0.618283	0.071386	0.040439	0.269893
0.582770	0.081430	0.226943	0.108857
0.720247	0.093397	0.072944	0.113411
0.170356	0.143402	0.179444	0.506797
