>merge_118
0.330426	0.170058	0.289244	0.210271
0.215726	0.486588	0.227343	0.070343
0.696272	0.087939	0.108288	0.107501
0.111662	0.036719	0.805603	0.046016
0.181914	0.097429	0.702571	0.018086
0.739888	0.103021	0.073820	0.083271
0.780079	0.046939	0.097863	0.075120
0.464067	0.078591	0.432957	0.024384
0.035459	0.861155	0.067949	0.035437
0.846609	0.038332	0.046569	0.068491
0.066986	0.129053	0.671774	0.132188
0.335938	0.434200	0.166148	0.063714
0.130358	0.062215	0.074886	0.732541
0.086172	0.060243	0.715413	0.138173
0.104657	0.241684	0.358698	0.294961
