>merge_42
0.232060	0.245666	0.303910	0.218364
0.269085	0.202412	0.282703	0.245800
0.183149	0.095070	0.364137	0.357644
0.072228	0.226664	0.691200	0.009907
0.009044	0.026366	0.955528	0.009062
0.052330	0.920592	0.007802	0.019277
0.023970	0.011515	0.926747	0.037768
0.013443	0.117754	0.861639	0.007164
0.034151	0.061430	0.892372	0.012047
0.893302	0.039860	0.049533	0.017306
0.721823	0.042783	0.207178	0.028216
0.486624	0.176502	0.229426	0.107448
0.306363	0.225087	0.235590	0.232959
