>merge_103
0.187874	0.327096	0.229790	0.255240
0.170659	0.158683	0.495509	0.175150
0.250749	0.186377	0.147455	0.415419
0.445403	0.194746	0.119596	0.240255
0.600114	0.166650	0.091004	0.142232
0.132715	0.603461	0.109782	0.154042
0.201304	0.275166	0.389298	0.134232
0.005798	0.486273	0.027823	0.480106
0.004892	0.000200	0.994507	0.000401
0.989710	0.000000	0.002994	0.007296
0.004196	0.021074	0.000200	0.974529
0.973528	0.020484	0.005988	0.000000
0.004691	0.814651	0.046735	0.133923
0.043015	0.473411	0.406612	0.076961
0.168839	0.321838	0.227214	0.282110
0.237630	0.252855	0.238231	0.271284
