>merge_30
0.132647	0.071566	0.090224	0.705563
0.031472	0.028136	0.932248	0.008144
0.969451	0.010005	0.013638	0.006906
0.040550	0.231039	0.275096	0.453315
0.076756	0.044724	0.128026	0.750493
0.026197	0.006599	0.921155	0.046049
0.679057	0.006412	0.309686	0.004844
0.013954	0.837066	0.008667	0.140312
0.583152	0.030512	0.264406	0.121930
0.089795	0.092440	0.707969	0.109796
0.166844	0.344377	0.340346	0.148434
0.240462	0.280120	0.219127	0.260291
