>merge_58
0.566143	0.016798	0.372132	0.044926
0.262733	0.653252	0.080516	0.003500
0.985140	0.003000	0.004907	0.006953
0.001500	0.004938	0.003484	0.990078
0.074291	0.007391	0.050147	0.868171
0.003453	0.915182	0.035050	0.046314
0.008922	0.757888	0.000484	0.232705
0.344186	0.060492	0.025895	0.569426
0.164143	0.145016	0.496764	0.194078
0.280186	0.139926	0.456578	0.123310
0.263860	0.480717	0.206872	0.048550
0.673783	0.106473	0.082527	0.137217
0.105686	0.102690	0.138236	0.653388
0.245155	0.179748	0.252907	0.322190
0.180717	0.358527	0.237403	0.223353
0.173934	0.353682	0.202035	0.270349
