>merge_125
0.235322	0.252298	0.256230	0.256149
0.225506	0.275891	0.262820	0.235783
0.230563	0.223241	0.222862	0.323334
0.216060	0.251649	0.242854	0.289437
0.491474	0.159776	0.147978	0.200772
0.300103	0.213538	0.291353	0.195006
0.151282	0.526234	0.162655	0.159829
0.210340	0.109274	0.373509	0.306877
0.011520	0.047180	0.285115	0.656185
0.000233	0.002701	0.000326	0.996741
0.999199	0.000801	0.000000	0.000000
0.999600	0.000200	0.000200	0.000000
0.000400	0.000200	0.000326	0.999073
0.000000	0.000801	0.000100	0.999099
0.998395	0.000326	0.000778	0.000500
0.753688	0.232272	0.005859	0.008182
0.261289	0.289226	0.149502	0.299984
0.191479	0.188090	0.286459	0.333972
0.257492	0.240688	0.232401	0.269419
