>merge_119
0.258958	0.247475	0.265599	0.227968
0.145751	0.103253	0.171450	0.579546
0.012219	0.004817	0.977206	0.005758
0.387476	0.042366	0.030236	0.539922
0.876298	0.050290	0.004755	0.068656
0.991197	0.002086	0.002473	0.004244
0.022475	0.629407	0.035516	0.312602
0.205570	0.451853	0.096430	0.246147
0.065294	0.155096	0.065740	0.713870
0.096452	0.009796	0.847277	0.046476
0.984011	0.006007	0.002270	0.007711
0.063868	0.272333	0.198739	0.465060
0.621195	0.307352	0.030907	0.040546
0.066756	0.654369	0.052560	0.226315
0.114621	0.469191	0.210699	0.205489
