>merge_89
0.290936	0.227722	0.236898	0.244443
0.194894	0.323462	0.280297	0.201347
0.048311	0.237410	0.027407	0.686872
0.007301	0.005911	0.017083	0.969704
0.004843	0.005335	0.987206	0.002616
0.006148	0.007178	0.982426	0.004248
0.071085	0.912913	0.006765	0.009237
0.621149	0.068550	0.173471	0.136829
0.285845	0.292101	0.156468	0.265586
0.114294	0.582944	0.001020	0.301742
0.224009	0.133325	0.424655	0.218011
0.145934	0.185060	0.076420	0.592586
0.005593	0.005481	0.924206	0.064720
0.002609	0.986288	0.006048	0.005055
0.003118	0.988585	0.003426	0.004871
0.969185	0.018278	0.005966	0.006571
0.703792	0.031323	0.226194	0.038690
0.227694	0.292675	0.295204	0.184427
0.253186	0.245030	0.227493	0.274291
0.240926	0.271207	0.229099	0.258768
