>merge_20
0.209108	0.244424	0.307621	0.238848
0.267193	0.215149	0.293216	0.224442
0.165892	0.247677	0.344331	0.242100
0.335172	0.153605	0.248436	0.262786
0.528281	0.043415	0.255746	0.172558
0.972849	0.001444	0.021224	0.004483
0.006763	0.004974	0.986211	0.002052
0.000000	0.000152	0.999848	0.000000
0.000000	0.004559	0.002543	0.992898
0.000000	0.000000	1.000000	0.000000
0.023579	0.016179	0.019388	0.940853
0.008014	0.088759	0.604909	0.298318
0.893045	0.016396	0.056055	0.034504
0.321355	0.184876	0.189991	0.303778
0.550788	0.084503	0.141768	0.222941
0.312645	0.062584	0.125775	0.498995
0.234619	0.146649	0.229147	0.389585
0.163541	0.163226	0.100063	0.573170
0.310389	0.406776	0.190622	0.092213
0.592528	0.146264	0.140325	0.120884
0.125805	0.762366	0.070942	0.040887
0.631866	0.162098	0.150004	0.056032
0.066693	0.755369	0.079833	0.098105
0.060048	0.555096	0.149040	0.235817
0.108400	0.164660	0.106938	0.620002
0.214510	0.277555	0.183735	0.324200
