>merge_75
0.307494	0.234139	0.254113	0.204254
0.484511	0.182963	0.177269	0.155258
0.696390	0.217922	0.019707	0.065982
0.248147	0.684878	0.034209	0.032766
0.907552	0.015251	0.013009	0.064189
0.720943	0.018191	0.020936	0.239930
0.073940	0.027046	0.075792	0.823222
0.267502	0.058975	0.346463	0.327060
0.186360	0.316887	0.278542	0.218211
0.056589	0.769770	0.000151	0.173490
0.999899	0.000000	0.000000	0.000101
0.000050	0.000000	0.008352	0.991598
0.000000	0.000000	0.000201	0.999799
0.000755	0.012226	0.987020	0.000000
0.036590	0.004478	0.003572	0.955361
0.077075	0.227025	0.125054	0.570846
0.321331	0.407339	0.130469	0.140861
0.225000	0.282143	0.288265	0.204592
0.179592	0.289796	0.265306	0.265306
0.239796	0.235714	0.284694	0.239796
