>merge_108
0.254580	0.245107	0.252972	0.247341
0.275612	0.239111	0.256243	0.229034
0.330775	0.189550	0.240925	0.238750
0.411062	0.121643	0.145058	0.322236
0.390593	0.124026	0.114462	0.370919
0.262574	0.214284	0.215332	0.307810
0.042435	0.138283	0.016245	0.803038
0.003833	0.008870	0.983586	0.003712
0.016830	0.977111	0.002511	0.003549
0.009766	0.007407	0.002387	0.980440
0.005814	0.004171	0.967465	0.022550
0.964573	0.009210	0.009771	0.016447
0.031270	0.633808	0.230555	0.104367
0.171365	0.120847	0.266449	0.441339
0.186825	0.412488	0.156922	0.243765
0.356703	0.200739	0.227035	0.215523
0.241827	0.211036	0.313830	0.233307
0.221095	0.312439	0.242861	0.223605
0.255994	0.255793	0.246803	0.241410
