>merge_90
0.272054	0.250162	0.237129	0.240655
0.283033	0.191620	0.316701	0.208646
0.251819	0.216900	0.357725	0.173557
0.108638	0.023501	0.839950	0.027910
0.006998	0.006126	0.985535	0.001342
0.891238	0.107663	0.000425	0.000674
0.000405	0.000000	0.000000	0.999595
0.010869	0.044535	0.000762	0.943835
0.965835	0.004962	0.003182	0.026021
0.424885	0.111344	0.306933	0.156839
0.156293	0.355905	0.310082	0.177719
0.212165	0.266115	0.296988	0.224732
0.245695	0.250116	0.260537	0.243652
