>merge_88
0.276094	0.232463	0.243183	0.248260
0.215245	0.203114	0.358438	0.223204
0.114696	0.265465	0.291798	0.328040
0.063824	0.322806	0.080085	0.533284
0.042063	0.806008	0.131991	0.019937
0.952354	0.008920	0.031979	0.006747
0.964744	0.003531	0.020552	0.011174
0.012025	0.001627	0.978476	0.007873
0.003840	0.004574	0.941940	0.049646
0.059291	0.182000	0.051275	0.707434
0.008203	0.888327	0.028103	0.075367
0.807491	0.019296	0.132710	0.040503
0.253323	0.268199	0.186691	0.291788
0.249042	0.241663	0.256534	0.252760
