>merge_34
0.275641	0.225681	0.263982	0.234696
0.311800	0.179270	0.244379	0.264551
0.274766	0.152708	0.174788	0.397738
0.005800	0.025385	0.002034	0.966780
0.000099	0.000000	0.999901	0.000000
0.987028	0.000050	0.001043	0.011879
0.000133	0.999604	0.000163	0.000099
0.999451	0.000067	0.000483	0.000000
0.003989	0.017520	0.950304	0.028186
0.045049	0.637679	0.294229	0.023043
0.021785	0.086365	0.046637	0.845214
0.086394	0.050683	0.729706	0.133217
0.145602	0.082405	0.142064	0.629929
0.091398	0.650325	0.105755	0.152523
0.492172	0.161492	0.191876	0.154460
0.271813	0.256442	0.225579	0.246165
0.275270	0.241831	0.244148	0.238751
0.248410	0.256659	0.251888	0.243043
0.244534	0.246522	0.249056	0.259889
0.242931	0.247702	0.253019	0.256348
0.243205	0.248870	0.255131	0.252795
