>merge_129
0.252081	0.253104	0.249683	0.245132
0.260093	0.244909	0.246804	0.248194
0.258082	0.216161	0.291472	0.234286
0.184518	0.136296	0.188189	0.490997
0.045082	0.012464	0.044973	0.897480
0.006730	0.002646	0.002824	0.987799
0.252107	0.003014	0.002375	0.742504
0.997954	0.000436	0.001278	0.000332
0.001814	0.623236	0.000621	0.374329
0.007738	0.004991	0.894577	0.092694
0.807268	0.009124	0.162700	0.020908
0.019366	0.447007	0.355275	0.178352
0.160045	0.387397	0.271924	0.180633
0.220436	0.247743	0.223714	0.308107
0.245666	0.254094	0.249958	0.250282
