>merge_161
0.245821	0.238483	0.273737	0.241959
0.257397	0.253828	0.250819	0.237956
0.220560	0.311049	0.241176	0.227215
0.378645	0.204482	0.182088	0.234784
0.394831	0.071416	0.431982	0.101771
0.681489	0.014510	0.276646	0.027355
0.010096	0.004020	0.975574	0.010310
0.010997	0.007755	0.776395	0.204853
0.022905	0.039475	0.069519	0.868100
0.010797	0.912012	0.037251	0.039939
0.864036	0.014833	0.108362	0.012769
0.273389	0.230919	0.234154	0.261538
0.247509	0.158403	0.393405	0.200683
0.215880	0.183095	0.400746	0.200279
0.246657	0.247415	0.258755	0.247173
