>merge_124
0.380994	0.159725	0.262201	0.197080
0.183695	0.008961	0.063583	0.743761
0.081023	0.010629	0.868702	0.039646
0.921860	0.011531	0.018397	0.048212
0.044380	0.058267	0.072605	0.824748
0.072185	0.010592	0.101980	0.815243
0.097390	0.072564	0.317820	0.512225
0.952865	0.014414	0.027059	0.005662
0.009847	0.132409	0.044506	0.813238
0.165161	0.034625	0.551702	0.248512
0.287469	0.059718	0.513209	0.139604
0.113554	0.464075	0.256118	0.166253
0.204832	0.292043	0.192195	0.310930
0.237602	0.244919	0.240041	0.277439
