>merge_162
0.222557	0.303609	0.228540	0.245294
0.302394	0.308232	0.169209	0.220165
0.384219	0.210879	0.283643	0.121259
0.750820	0.008777	0.234854	0.005549
0.009576	0.001898	0.936839	0.051687
0.007011	0.007495	0.952661	0.032833
0.009993	0.005051	0.044930	0.940026
0.001083	0.948668	0.028504	0.021746
0.951133	0.005995	0.038372	0.004500
0.363014	0.233348	0.170708	0.232930
0.436329	0.153742	0.304839	0.105089
0.230186	0.168140	0.499523	0.102150
0.165014	0.153428	0.388149	0.293409
0.142422	0.147168	0.476353	0.234057
0.263105	0.283554	0.212393	0.240948
0.205787	0.409412	0.198251	0.186550
0.216247	0.399617	0.162774	0.221363
0.191884	0.285987	0.195378	0.326750
