>merge_141
0.248562	0.246071	0.256369	0.248998
0.246508	0.240342	0.265779	0.247371
0.254176	0.224361	0.297122	0.224341
0.256021	0.261715	0.284183	0.198081
0.515127	0.214535	0.227256	0.043082
0.480793	0.139706	0.300212	0.079289
0.007223	0.988437	0.002935	0.001405
0.978508	0.014810	0.002708	0.003975
0.024907	0.044332	0.746776	0.183985
0.231154	0.727546	0.037830	0.003470
0.025569	0.002764	0.001914	0.969753
0.003283	0.002604	0.976282	0.017831
0.081791	0.166942	0.551916	0.199350
0.224745	0.327007	0.184485	0.263763
0.267460	0.231454	0.256860	0.244226
0.234348	0.270572	0.234119	0.260961
0.236829	0.258644	0.244846	0.259681
