>merge_106
0.248224	0.232848	0.242917	0.276011
0.171548	0.156768	0.188998	0.482685
0.124814	0.105789	0.129799	0.639598
0.110584	0.067316	0.076521	0.745579
0.085957	0.354376	0.068527	0.491139
0.076538	0.676608	0.058986	0.187868
0.195145	0.430338	0.215170	0.159347
0.223681	0.211923	0.276310	0.288086
0.126217	0.323034	0.146409	0.404339
0.438093	0.166881	0.074191	0.320835
0.749289	0.002662	0.233157	0.014892
0.000066	0.551154	0.000000	0.448780
0.000000	0.000000	1.000000	0.000000
0.000000	0.000000	1.000000	0.000000
1.000000	0.000000	0.000000	0.000000
0.999934	0.000066	0.000000	0.000000
0.957340	0.025673	0.000754	0.016234
0.518595	0.228455	0.109230	0.143720
0.319713	0.051697	0.038321	0.590269
0.303307	0.173512	0.166257	0.356924
0.252865	0.234785	0.226835	0.285514
