>merge_47
0.447593	0.228111	0.147233	0.177063
0.488286	0.105307	0.153539	0.252868
0.113857	0.395137	0.333026	0.157980
0.110007	0.125897	0.108759	0.655337
0.480978	0.024268	0.452559	0.042194
0.087034	0.004352	0.800313	0.108301
0.112499	0.022229	0.829959	0.035312
0.111518	0.170957	0.349944	0.367580
0.097031	0.556940	0.233747	0.112282
0.910955	0.026069	0.043332	0.019644
0.692202	0.038827	0.225322	0.043649
0.854426	0.003977	0.132540	0.009057
0.067041	0.004608	0.903374	0.024976
0.043784	0.012804	0.776570	0.166842
0.047780	0.110311	0.206224	0.635685
0.066772	0.607169	0.174148	0.151911
0.756634	0.067900	0.086823	0.088644
