>merge_146
0.253751	0.231824	0.273372	0.241054
0.209736	0.228558	0.251827	0.309880
0.186233	0.183244	0.469378	0.161144
0.476602	0.099641	0.362579	0.061179
0.067954	0.081514	0.041581	0.808951
0.030499	0.121422	0.780842	0.067236
0.964144	0.005953	0.017753	0.012150
0.002794	0.942284	0.021160	0.033762
0.044364	0.012233	0.875154	0.068249
0.041501	0.184144	0.035813	0.738542
0.221284	0.200753	0.513356	0.064606
0.273580	0.104640	0.442933	0.178848
0.189085	0.448910	0.176494	0.185511
0.318911	0.220705	0.253459	0.206925
0.245509	0.249972	0.249735	0.254783
