>merge_11
0.225723	0.246601	0.256312	0.271364
0.266305	0.340293	0.240250	0.153151
0.120847	0.204387	0.160831	0.513935
0.464397	0.214036	0.304575	0.016992
0.007192	0.008415	0.977357	0.007036
0.945478	0.021778	0.009478	0.023266
0.940263	0.009945	0.017536	0.032256
0.067357	0.436478	0.134711	0.361454
0.337328	0.115766	0.497971	0.048935
0.028591	0.012975	0.007608	0.950826
0.018790	0.001346	0.025447	0.954417
0.000937	0.998788	0.000274	0.000000
0.000826	0.124756	0.073863	0.800554
0.802758	0.067575	0.129152	0.000515
0.001062	0.002543	0.994655	0.001741
0.890025	0.043918	0.020782	0.045275
0.811035	0.048493	0.052795	0.087677
0.179191	0.321826	0.246775	0.252208
0.283187	0.221035	0.301613	0.194165
