>merge_171
0.240050	0.245990	0.291733	0.222228
0.441283	0.128254	0.309626	0.120837
0.398568	0.253917	0.268461	0.079055
0.429215	0.047041	0.141274	0.382470
0.209661	0.001397	0.760251	0.028691
0.016230	0.012341	0.962687	0.008742
0.934001	0.035145	0.023071	0.007783
0.879411	0.021517	0.091309	0.007763
0.869729	0.028587	0.049098	0.052585
0.456765	0.118770	0.256049	0.168417
0.559863	0.090771	0.148534	0.200833
0.243746	0.254697	0.255973	0.245584
0.291400	0.233600	0.236400	0.238600
