>merge_172
0.240135	0.229307	0.286417	0.244141
0.251741	0.210875	0.294290	0.243094
0.283415	0.145021	0.351011	0.220552
0.253568	0.067984	0.522133	0.156315
0.231547	0.021290	0.379469	0.367694
0.090936	0.001581	0.900367	0.007116
0.002255	0.006799	0.988806	0.002140
0.000890	0.001244	0.996479	0.001386
0.049285	0.888120	0.000855	0.061740
0.005086	0.001362	0.958688	0.034864
0.008786	0.011846	0.254698	0.724670
0.112549	0.036269	0.775753	0.075430
0.122663	0.050610	0.656686	0.170042
0.138155	0.422652	0.183585	0.255609
0.239469	0.282854	0.230022	0.247655
0.237578	0.250653	0.271514	0.240254
