>merge_19
0.275548	0.211740	0.311441	0.201271
0.261547	0.076874	0.458391	0.203187
0.432340	0.026969	0.442330	0.098361
0.006993	0.956037	0.012993	0.023978
0.724416	0.093356	0.086841	0.095386
0.348475	0.012482	0.119303	0.519740
0.001499	0.003000	0.993001	0.002500
0.092338	0.415926	0.005496	0.486240
0.146792	0.473358	0.102806	0.277044
0.036476	0.726902	0.172722	0.063900
0.581237	0.165699	0.038436	0.214628
0.245147	0.045416	0.620613	0.088824
0.526303	0.006993	0.374394	0.092310
0.002500	0.992001	0.002500	0.002999
0.563671	0.123289	0.015478	0.297562
0.108874	0.085347	0.086373	0.719405
0.024482	0.008996	0.962525	0.003997
0.077892	0.463784	0.018976	0.439348
0.186675	0.430454	0.081353	0.301517
0.195000	0.324000	0.179500	0.301500
