>merge_117
0.285625	0.229375	0.241250	0.243750
0.334864	0.153183	0.263212	0.248742
0.144134	0.298327	0.303197	0.254342
0.066539	0.142802	0.059658	0.731001
0.005382	0.966155	0.015087	0.013376
0.018850	0.805704	0.002381	0.173065
0.018186	0.890466	0.022249	0.069099
0.138120	0.656979	0.021220	0.183681
0.488270	0.027441	0.094124	0.390164
0.034676	0.004851	0.948631	0.011842
0.201972	0.002715	0.768445	0.026868
0.017154	0.023689	0.952143	0.007015
0.612177	0.060106	0.246467	0.081251
0.207306	0.386304	0.305977	0.100412
0.203770	0.331194	0.192424	0.272613
0.229437	0.284272	0.242398	0.243893
