>merge_9
0.319657	0.065026	0.388215	0.227103
0.136055	0.032518	0.756390	0.075038
0.026014	0.083542	0.065031	0.825414
0.121055	0.076040	0.038521	0.764384
0.964480	0.002502	0.025014	0.008005
0.927457	0.049528	0.003002	0.020014
0.081561	0.011506	0.002501	0.904433
0.372174	0.000000	0.627826	0.000000
0.725837	0.015008	0.050026	0.209130
0.064533	0.014002	0.102046	0.819419
0.012506	0.043524	0.005005	0.938966
0.734885	0.045516	0.117549	0.102050
0.813901	0.080539	0.066036	0.039524
0.074039	0.730378	0.036017	0.159567
0.227610	0.380200	0.071028	0.321162
