>merge_111
0.222840	0.267726	0.251043	0.258391
0.226614	0.238133	0.244489	0.290765
0.221847	0.250248	0.270109	0.257795
0.015983	0.003777	0.007408	0.972831
0.129686	0.005977	0.863334	0.001002
0.007741	0.010259	0.006641	0.975359
0.002683	0.007247	0.036193	0.953878
0.002794	0.003979	0.128159	0.865067
0.636318	0.065628	0.157337	0.140717
0.015797	0.650387	0.053651	0.280165
0.457737	0.168929	0.063937	0.309397
0.152440	0.246318	0.125729	0.475513
0.326336	0.100944	0.091961	0.480759
0.239242	0.257764	0.267553	0.235442
0.267260	0.252527	0.234045	0.246168
