>merge_163
0.506209	0.149135	0.187786	0.156870
0.574233	0.135499	0.155327	0.134941
0.120883	0.233894	0.163004	0.482219
0.020635	0.864416	0.045575	0.069375
0.649781	0.111580	0.229387	0.009252
0.715619	0.033134	0.039406	0.211841
0.003924	0.003924	0.010090	0.982063
0.003363	0.020740	0.079596	0.896300
0.860313	0.009529	0.016313	0.113845
0.240546	0.171326	0.443528	0.144600
0.222654	0.360521	0.194237	0.222588
0.249164	0.272236	0.240955	0.237645
