>merge_114
0.203074	0.219572	0.236620	0.340733
0.202636	0.464234	0.171822	0.161308
0.532345	0.155607	0.219576	0.092472
0.005891	0.068898	0.017242	0.907969
0.148364	0.095162	0.574702	0.181772
0.623686	0.360924	0.007027	0.008362
0.890742	0.013194	0.007372	0.088692
0.004155	0.002263	0.002431	0.991151
0.797479	0.030260	0.011010	0.161251
0.975941	0.007653	0.003348	0.013058
0.089079	0.004284	0.009264	0.897373
0.025552	0.004168	0.174778	0.795503
0.499510	0.266745	0.087234	0.146511
0.961163	0.011779	0.019456	0.007602
0.083229	0.175788	0.126947	0.614036
0.122569	0.154680	0.489489	0.233262
0.390321	0.216594	0.207346	0.185739
