>merge_16
0.087466	0.533711	0.131446	0.247378
0.044979	0.728161	0.122430	0.104431
0.017992	0.846599	0.092432	0.042977
0.049968	0.034475	0.007997	0.907560
0.006495	0.004498	0.973518	0.015490
0.007997	0.006498	0.898047	0.087459
0.019991	0.005995	0.965020	0.008994
0.408790	0.002499	0.517253	0.071459
0.091941	0.004996	0.872073	0.030990
0.139426	0.081969	0.656665	0.121940
0.055975	0.419810	0.276849	0.247366
0.226500	0.348500	0.231500	0.193500
0.231000	0.234000	0.275000	0.260000
