>merge_17
0.518141	0.116017	0.314272	0.051570
0.485254	0.053263	0.328268	0.133216
0.066622	0.019865	0.857738	0.055775
0.118556	0.044418	0.824341	0.012685
0.262638	0.030394	0.313107	0.393861
0.050597	0.019374	0.921348	0.008681
0.215081	0.013532	0.768548	0.002839
0.119057	0.435640	0.025881	0.419423
0.091010	0.254120	0.580923	0.073947
0.023214	0.877304	0.092802	0.006679
0.774709	0.122096	0.068123	0.035072
0.005342	0.005178	0.978961	0.010520
0.021540	0.022550	0.924842	0.031068
0.107026	0.739228	0.070635	0.083111
0.568692	0.222934	0.049923	0.158451
0.208556	0.198364	0.473678	0.119402
