>merge_23
0.217217	0.230427	0.304639	0.247718
0.337553	0.145282	0.238122	0.279042
0.131392	0.168949	0.176470	0.523189
0.005166	0.052145	0.007397	0.935292
0.011496	0.006621	0.265712	0.716171
0.122414	0.097439	0.116367	0.663780
0.049358	0.907705	0.035790	0.007148
0.963949	0.011383	0.009144	0.015523
0.001292	0.000499	0.995803	0.002406
0.005545	0.170013	0.499110	0.325332
0.009858	0.000346	0.989449	0.000346
0.000153	0.000333	0.001101	0.998413
0.000615	0.000102	0.998657	0.000626
0.000333	0.000972	0.001047	0.997648
0.001761	0.000371	0.997025	0.000843
0.000921	0.840062	0.003525	0.155492
0.473089	0.078664	0.321409	0.126838
0.155845	0.328391	0.262752	0.253012
