>merge_110
0.229994	0.247827	0.322771	0.199407
0.227596	0.221896	0.364334	0.186174
0.575278	0.053752	0.280812	0.090158
0.849396	0.014526	0.051872	0.084205
0.895460	0.002893	0.008214	0.093433
0.576293	0.005155	0.008879	0.409673
0.023004	0.020398	0.953436	0.003162
0.603056	0.317618	0.078930	0.000395
0.000170	0.000000	0.999717	0.000113
0.000000	0.000056	0.999944	0.000000
1.000000	0.000000	0.000000	0.000000
0.999887	0.000056	0.000000	0.000056
0.000341	0.024879	0.974723	0.000057
0.007669	0.010618	0.003803	0.977911
0.423476	0.055966	0.289890	0.230667
0.235214	0.262698	0.296445	0.205643
