>merge_158
0.219090	0.222110	0.304470	0.254329
0.190093	0.249295	0.217680	0.342932
0.261427	0.110242	0.550123	0.078209
0.678930	0.012765	0.298181	0.010124
0.031073	0.003529	0.934353	0.031046
0.027293	0.012613	0.411193	0.548901
0.011890	0.080729	0.145917	0.761464
0.021219	0.867191	0.052525	0.059065
0.662272	0.016294	0.301305	0.020129
0.152585	0.250133	0.193928	0.403354
0.193675	0.180006	0.194694	0.431625
0.186264	0.130181	0.618521	0.065035
0.536306	0.043346	0.386045	0.034302
0.053365	0.031460	0.878256	0.036920
0.048774	0.035731	0.287042	0.628454
0.054408	0.097281	0.188366	0.659945
0.038174	0.730353	0.074766	0.156707
0.490296	0.121360	0.299710	0.088634
0.224325	0.266613	0.204793	0.304269
