>merge_159
0.229032	0.228843	0.288968	0.253156
0.235926	0.234594	0.306173	0.223307
0.162342	0.255029	0.425972	0.156656
0.155692	0.087631	0.276249	0.480428
0.520977	0.029978	0.353892	0.095154
0.011906	0.958254	0.004677	0.025162
0.022903	0.005961	0.964348	0.006789
0.001638	0.000908	0.001569	0.995885
0.014260	0.112514	0.867107	0.006119
0.377229	0.475760	0.055563	0.091448
0.119975	0.407330	0.279779	0.192916
0.243399	0.251583	0.227288	0.277731
0.247869	0.231454	0.277895	0.242783
