>merge_80
0.258000	0.223485	0.272682	0.245833
0.375117	0.224382	0.184431	0.216070
0.296840	0.355652	0.150863	0.196646
0.723771	0.089342	0.105664	0.081223
0.570011	0.166176	0.052851	0.210962
0.054212	0.005083	0.002012	0.938694
0.000039	0.000000	0.999888	0.000073
0.000039	0.000000	0.000034	0.999927
0.848028	0.001873	0.004287	0.145812
0.427709	0.000475	0.185567	0.386248
0.001256	0.994105	0.002821	0.001819
0.696811	0.067886	0.172715	0.062588
0.632759	0.072550	0.102942	0.191748
0.204649	0.143354	0.091000	0.560997
0.197476	0.145132	0.138297	0.519095
0.145313	0.208405	0.198381	0.447901
0.223313	0.243820	0.267006	0.265862
