>merge_39
0.256195	0.257021	0.234719	0.252065
0.317826	0.187587	0.316043	0.178544
0.542655	0.075280	0.199665	0.182400
0.510844	0.026880	0.198580	0.263696
0.003506	0.920730	0.054895	0.020870
0.041379	0.656538	0.019024	0.283059
0.280164	0.018032	0.665549	0.036255
0.014407	0.047437	0.934394	0.003762
0.189744	0.244213	0.023218	0.542826
0.111521	0.206984	0.070930	0.610564
0.192840	0.199979	0.225209	0.381971
0.370167	0.073519	0.427731	0.128583
0.746717	0.020415	0.102097	0.130771
0.700203	0.001909	0.038318	0.259571
0.000025	0.984565	0.014766	0.000644
0.001838	0.838072	0.000586	0.159504
0.173060	0.000433	0.822020	0.004486
0.000258	0.022323	0.977336	0.000083
0.218263	0.088926	0.001541	0.691270
0.152824	0.133412	0.060383	0.653380
0.208853	0.296922	0.174755	0.319470
0.247246	0.277259	0.244390	0.231105
