>merge_84
0.173061	0.328937	0.223045	0.274956
0.131194	0.332421	0.322917	0.213469
0.009320	0.004817	0.981628	0.004234
0.003739	0.019693	0.004585	0.971983
0.056166	0.046439	0.005603	0.891792
0.160364	0.004571	0.777736	0.057329
0.000368	0.909804	0.002379	0.087449
0.002056	0.698015	0.003392	0.296537
0.874866	0.026144	0.045495	0.053494
0.107901	0.033957	0.154975	0.703167
0.074705	0.012893	0.898377	0.014025
0.136777	0.102429	0.734398	0.026396
0.241813	0.334960	0.164195	0.259031
0.420631	0.122184	0.254825	0.202361
0.434850	0.229876	0.170278	0.164996
0.176554	0.449118	0.180515	0.193814
0.235610	0.262551	0.273296	0.228543
