>merge_14
0.200832	0.254159	0.339286	0.205724
0.232425	0.150235	0.435745	0.181595
0.112970	0.253653	0.461193	0.172184
0.174357	0.186570	0.502968	0.136105
0.035573	0.371266	0.108278	0.484884
0.012314	0.967951	0.009867	0.009867
0.008872	0.010415	0.002471	0.978242
0.004445	0.004975	0.979237	0.011343
0.007413	0.230302	0.604977	0.157308
0.249664	0.217615	0.176089	0.356631
0.184091	0.254366	0.120375	0.441168
0.269085	0.150748	0.109305	0.470862
0.187084	0.250228	0.252940	0.309748
0.055250	0.362726	0.083011	0.499014
0.218404	0.253735	0.398580	0.129281
0.017737	0.045913	0.053533	0.882818
0.031120	0.871615	0.023814	0.073451
0.589504	0.135856	0.021733	0.252907
