>merge_101
0.245860	0.249255	0.255088	0.249798
0.162152	0.277876	0.274163	0.285810
0.044629	0.568148	0.195238	0.191985
0.040615	0.694610	0.026883	0.237892
0.696752	0.007016	0.003611	0.292622
0.000871	0.005254	0.006889	0.986985
0.001612	0.002209	0.004819	0.991360
0.004812	0.015031	0.970234	0.009924
0.010615	0.003761	0.003607	0.982018
0.057991	0.218898	0.091930	0.631180
0.144591	0.483160	0.100280	0.271969
0.173321	0.241370	0.222569	0.362740
0.205489	0.280602	0.266082	0.247826
0.246162	0.247670	0.250920	0.255247
0.247420	0.247945	0.254478	0.250157
