>merge_71
0.252523	0.249754	0.251072	0.246651
0.249053	0.246023	0.265028	0.239896
0.241912	0.240514	0.278789	0.238784
0.317246	0.207797	0.258079	0.216878
0.429245	0.139695	0.228420	0.202639
0.387469	0.204984	0.287352	0.120195
0.098611	0.682115	0.198720	0.020553
0.424497	0.552786	0.017123	0.005594
0.003111	0.000523	0.991400	0.004966
0.002846	0.001422	0.994570	0.001161
0.993980	0.002678	0.002151	0.001191
0.963377	0.000983	0.004012	0.031628
0.128249	0.015805	0.852334	0.003613
0.054276	0.181402	0.070119	0.694203
0.283333	0.110929	0.495746	0.109993
0.278812	0.244230	0.320453	0.156505
0.245357	0.267811	0.253440	0.233392
