>merge_136
0.383284	0.178652	0.233947	0.204116
0.503563	0.080856	0.182223	0.233358
0.562088	0.046613	0.074932	0.316366
0.489415	0.084142	0.064293	0.362150
0.302981	0.173598	0.183546	0.339875
0.053129	0.132905	0.057056	0.756910
0.020311	0.048422	0.923952	0.007315
0.057180	0.897270	0.005812	0.039738
0.019884	0.019865	0.030477	0.929775
0.068458	0.003713	0.896068	0.031761
0.909402	0.075200	0.002411	0.012987
0.024230	0.553760	0.377992	0.044018
0.054032	0.036377	0.054695	0.854896
0.095172	0.790131	0.027481	0.087216
0.817317	0.025100	0.093458	0.064125
0.055342	0.020834	0.817180	0.106644
0.017549	0.873621	0.078545	0.030285
0.675506	0.066605	0.155528	0.102362
0.295210	0.211268	0.199479	0.294042
0.279776	0.199806	0.200398	0.320021
0.276083	0.224765	0.229696	0.269456
0.263292	0.236015	0.233549	0.267144
