>merge_149
0.261954	0.249407	0.263856	0.224783
0.301047	0.202085	0.301558	0.195310
0.153290	0.260285	0.226210	0.360215
0.152859	0.089065	0.671059	0.087017
0.786748	0.041427	0.166835	0.004990
0.004167	0.004328	0.006399	0.985106
0.008330	0.003000	0.976170	0.012501
0.993584	0.001902	0.001993	0.002521
0.000799	0.794894	0.015524	0.188783
0.030118	0.001678	0.941913	0.026291
0.012245	0.140596	0.006875	0.840284
0.256709	0.708807	0.023588	0.010896
0.923820	0.018589	0.023431	0.034160
0.030545	0.286485	0.098142	0.584828
0.242365	0.316788	0.222034	0.218813
0.249943	0.261961	0.249540	0.238557
