>merge_130
0.252026	0.243064	0.294842	0.210068
0.264765	0.273721	0.269262	0.192252
0.427989	0.089444	0.145891	0.336676
0.324599	0.119802	0.145019	0.410579
0.280368	0.060585	0.179394	0.479653
0.038746	0.008319	0.054934	0.898002
0.018844	0.016274	0.953565	0.011316
0.002106	0.002670	0.994780	0.000445
0.001399	0.993965	0.002036	0.002600
0.022970	0.002167	0.974822	0.000041
0.003132	0.969405	0.022722	0.004741
0.010533	0.603646	0.327302	0.058519
0.355888	0.405514	0.056664	0.181934
0.355227	0.140608	0.196404	0.307760
0.309968	0.255208	0.161150	0.273674
0.222523	0.221412	0.299145	0.256919
