>merge_148
0.222987	0.301407	0.222752	0.252854
0.168726	0.364436	0.143222	0.323617
0.185598	0.372230	0.082600	0.359572
0.294235	0.323869	0.124468	0.257428
0.038999	0.734316	0.016135	0.210550
0.023810	0.003201	0.971989	0.001000
0.000400	0.999250	0.000250	0.000100
0.000500	0.065933	0.000200	0.933367
0.000350	0.000100	0.000350	0.999200
0.062815	0.855516	0.000513	0.081157
0.519886	0.268736	0.163904	0.047473
0.075046	0.651575	0.091218	0.182162
0.132170	0.375680	0.202781	0.289368
0.247165	0.279653	0.220826	0.252356
0.201043	0.367359	0.213398	0.218200
0.236194	0.217787	0.345488	0.200530
