>merge_144
0.262280	0.260960	0.230248	0.246512
0.294688	0.328915	0.319310	0.057087
0.029529	0.967752	0.001576	0.001143
0.968830	0.001858	0.005578	0.023734
0.005074	0.088294	0.684781	0.221850
0.063042	0.884104	0.048283	0.004571
0.012236	0.003505	0.001786	0.982472
0.000929	0.001143	0.986985	0.010942
0.015074	0.306753	0.222173	0.456000
0.091854	0.261869	0.129303	0.516974
0.155648	0.286055	0.275829	0.282468
0.180381	0.365348	0.208002	0.246269
0.175528	0.391919	0.191390	0.241164
0.238660	0.350108	0.205049	0.206184
0.326247	0.192878	0.209657	0.271217
0.144276	0.257433	0.294050	0.304241
0.205910	0.396283	0.211478	0.186329
0.221904	0.264928	0.156331	0.356837
0.183129	0.243829	0.366926	0.206117
0.248949	0.246131	0.259002	0.245918
