>merge_28
0.207000	0.237000	0.349500	0.206500
0.233500	0.205000	0.375000	0.186500
0.153434	0.165397	0.572216	0.108954
0.176416	0.101944	0.625197	0.096444
0.131936	0.106958	0.602697	0.158409
0.146440	0.052973	0.163888	0.636699
0.001500	0.000000	0.997001	0.001500
0.000500	0.000000	0.999000	0.000500
0.008998	0.000500	0.989002	0.001500
0.002000	0.000999	0.993001	0.004000
0.000999	0.001000	0.998001	0.000000
0.795071	0.084984	0.004500	0.115446
0.125464	0.000000	0.771070	0.103466
0.000000	0.000500	0.999000	0.000500
0.005998	0.003000	0.985506	0.005496
0.014996	0.005499	0.963013	0.016493
0.408824	0.326315	0.138937	0.125925
0.311848	0.100946	0.502741	0.084466
0.214000	0.230000	0.383500	0.172500
