>merge_116
0.261503	0.240890	0.277330	0.220277
0.361434	0.139355	0.289577	0.209634
0.219336	0.068069	0.645917	0.066678
0.193376	0.039324	0.570532	0.196768
0.207969	0.049733	0.711295	0.031003
0.055206	0.010755	0.893151	0.040887
0.047120	0.026661	0.916749	0.009470
0.332112	0.530860	0.003994	0.133033
0.034531	0.009462	0.902792	0.053215
0.024998	0.014363	0.802066	0.158572
0.215202	0.028340	0.709507	0.046951
0.168591	0.035430	0.721047	0.074932
0.184510	0.454462	0.299634	0.061394
0.193159	0.345352	0.235156	0.226333
0.230911	0.132556	0.482971	0.153563
0.159964	0.120875	0.604876	0.114285
0.248640	0.112403	0.577853	0.061104
0.276367	0.111871	0.507962	0.103800
0.193786	0.137590	0.572699	0.095924
0.220477	0.116401	0.493392	0.169729
0.183989	0.115350	0.608543	0.092119
0.233368	0.138354	0.508335	0.119944
0.239183	0.214821	0.382862	0.163135
0.241231	0.224632	0.308734	0.225403
0.212102	0.244900	0.338871	0.204127
