>merge_87
0.249477	0.191571	0.196156	0.362796
0.209154	0.143920	0.243639	0.403288
0.425892	0.243123	0.203901	0.127084
0.595915	0.157219	0.075896	0.170970
0.148397	0.011789	0.040615	0.799198
0.326653	0.079352	0.011433	0.582563
0.999049	0.000370	0.000000	0.000581
0.000000	0.001691	0.000742	0.997567
0.000264	0.000000	0.344020	0.655716
0.326308	0.654272	0.004650	0.014771
0.990672	0.001668	0.007396	0.000264
0.026211	0.083949	0.052929	0.836911
0.141688	0.107034	0.496027	0.255251
0.421175	0.243115	0.151876	0.183834
0.266286	0.208300	0.297893	0.227521
