>merge_60
0.330743	0.159852	0.345151	0.164254
0.031683	0.012941	0.949794	0.005583
0.963910	0.004954	0.022952	0.008185
0.015391	0.000750	0.978127	0.005732
0.015391	0.005081	0.972646	0.006882
0.021528	0.864987	0.016772	0.096712
0.017922	0.879881	0.009284	0.092912
0.017547	0.124965	0.016967	0.840521
0.950709	0.007060	0.036747	0.005484
0.040173	0.000502	0.958299	0.001026
0.026307	0.000775	0.969490	0.003428
0.978703	0.001875	0.015343	0.004080
0.019442	0.000000	0.972396	0.008162
0.023801	0.001150	0.964685	0.010364
0.757683	0.019880	0.217855	0.004582
0.848611	0.110966	0.014265	0.026157
0.928587	0.013090	0.012712	0.045611
0.825031	0.007657	0.151216	0.016096
0.996321	0.001878	0.001801	0.000000
0.877932	0.002427	0.109909	0.009732
0.006933	0.030663	0.010237	0.952168
0.012988	0.000375	0.982383	0.004254
0.053268	0.012162	0.894951	0.039619
0.004855	0.026104	0.011588	0.957453
0.073227	0.074128	0.075653	0.776991
