>merge_35
0.334945	0.227762	0.212293	0.225000
0.300873	0.162586	0.428551	0.107990
0.430362	0.043641	0.466539	0.059457
0.054656	0.025165	0.868716	0.051462
0.110389	0.043519	0.382986	0.463106
0.108941	0.377365	0.178866	0.334828
0.010272	0.912021	0.019291	0.058417
0.938374	0.004714	0.051761	0.005150
0.940516	0.005033	0.042870	0.011580
0.969687	0.001921	0.024756	0.003637
0.002182	0.002124	0.991679	0.004015
0.010155	0.005936	0.146997	0.836912
0.054784	0.669681	0.051144	0.224391
0.010679	0.912426	0.014230	0.062665
0.673265	0.074498	0.161636	0.090602
0.255529	0.282650	0.220725	0.241095
