>merge_152
0.248815	0.248951	0.252111	0.250123
0.262249	0.225633	0.257027	0.255091
0.257523	0.204037	0.338529	0.199911
0.351912	0.129555	0.434386	0.084147
0.062684	0.094998	0.245610	0.596708
0.006659	0.988063	0.003787	0.001491
0.975679	0.003778	0.013085	0.007458
0.002197	0.948047	0.015949	0.033807
0.096177	0.074100	0.826546	0.003177
0.040047	0.130770	0.015357	0.813826
0.016719	0.071278	0.872033	0.039970
0.434759	0.172380	0.257536	0.135325
0.132796	0.349465	0.192472	0.325266
0.242922	0.276918	0.238492	0.241668
