>merge_166
0.254909	0.132553	0.188948	0.423590
0.215131	0.135574	0.475957	0.173338
0.455501	0.075742	0.047656	0.421102
0.025665	0.006528	0.019582	0.948225
0.021128	0.010536	0.005025	0.963311
0.060745	0.039212	0.035680	0.864364
0.979396	0.006025	0.012067	0.002513
0.021118	0.128774	0.032651	0.817458
0.142769	0.013079	0.476669	0.367483
0.170274	0.038228	0.707106	0.084393
0.063872	0.633622	0.178796	0.123711
0.194337	0.393294	0.088562	0.323807
