>merge_25
0.209228	0.312125	0.247690	0.230957
0.137054	0.227663	0.202792	0.432492
0.086162	0.128664	0.517259	0.267916
0.127163	0.252539	0.453661	0.166636
0.197420	0.244763	0.318797	0.239021
0.210784	0.263281	0.336806	0.189130
0.213664	0.247024	0.374660	0.164651
0.198151	0.260148	0.373561	0.168140
0.220538	0.279901	0.318545	0.181016
0.293769	0.169016	0.368810	0.168405
0.131269	0.438786	0.350194	0.079750
0.661966	0.039637	0.012128	0.286270
0.002376	0.000751	0.996873	0.000000
0.994124	0.001750	0.002376	0.001750
0.009883	0.012379	0.007127	0.970610
0.913966	0.010631	0.013633	0.061771
0.831838	0.016754	0.121894	0.029514
0.121023	0.189259	0.635833	0.053885
0.315039	0.204890	0.432066	0.048006
