>merge_132
0.253544	0.247804	0.248552	0.250100
0.250156	0.247649	0.249295	0.252900
0.253601	0.244949	0.249881	0.251570
0.280117	0.230061	0.258045	0.231778
0.244641	0.255785	0.292084	0.207490
0.142019	0.321086	0.381001	0.155894
0.028640	0.318950	0.026255	0.626155
0.718802	0.221417	0.053192	0.006590
0.981413	0.002729	0.015602	0.000256
0.000084	0.000319	0.000048	0.999549
0.000109	0.009417	0.000769	0.989705
0.991950	0.002189	0.004411	0.001450
0.381374	0.133145	0.423812	0.061669
0.084279	0.389862	0.254573	0.271286
0.187848	0.225006	0.353440	0.233706
0.255225	0.252567	0.238078	0.254129
