>merge_107
0.210200	0.276569	0.248340	0.264891
0.185261	0.057300	0.408283	0.349155
0.140072	0.814111	0.042267	0.003550
0.636114	0.058414	0.149830	0.155641
0.002322	0.985836	0.005460	0.006382
0.872540	0.069918	0.036233	0.021310
0.035662	0.011293	0.952570	0.000475
0.001566	0.956567	0.005421	0.036446
0.571014	0.000245	0.426576	0.002165
0.001066	0.000753	0.989489	0.008691
0.001622	0.000902	0.996931	0.000545
0.054679	0.005116	0.907061	0.033144
0.018019	0.007979	0.952808	0.021194
0.017748	0.006927	0.920370	0.054956
0.005094	0.195575	0.136795	0.662537
0.213296	0.530593	0.191651	0.064460
0.221160	0.253783	0.249117	0.275939
