>merge_49
0.079973	0.517191	0.167445	0.235391
0.173880	0.065972	0.313395	0.446753
0.007993	0.006495	0.979018	0.006494
0.014995	0.064990	0.019485	0.900530
0.052471	0.069943	0.007994	0.869593
0.120421	0.031488	0.712663	0.135429
0.005994	0.952032	0.009492	0.032482
0.004497	0.534273	0.004497	0.456733
0.649643	0.034992	0.207380	0.107985
0.161427	0.015489	0.602699	0.220385
0.026980	0.027974	0.921067	0.023979
0.183941	0.307318	0.300824	0.207917
