>merge_169
0.425000	0.181818	0.204545	0.188636
0.494409	0.100864	0.198273	0.206455
0.263500	0.087364	0.506409	0.142727
0.182955	0.015045	0.526227	0.275773
0.051818	0.002273	0.935591	0.010318
0.055773	0.000500	0.916727	0.027000
0.009818	0.000500	0.986909	0.002773
0.007318	0.001000	0.977545	0.014136
0.903091	0.077500	0.002000	0.017409
0.390045	0.052682	0.134318	0.422955
0.047909	0.228364	0.254636	0.469091
0.236000	0.204000	0.260000	0.300000
0.240500	0.208000	0.311500	0.240000
