>merge_45
0.218500	0.268000	0.321000	0.192500
0.321838	0.039480	0.468259	0.170423
0.113443	0.094464	0.659656	0.132438
0.041480	0.228415	0.677135	0.052970
0.024490	0.492747	0.035987	0.446777
0.009996	0.977008	0.008499	0.004497
0.001500	0.001499	0.001998	0.995003
0.000500	0.001000	0.996501	0.001999
0.002000	0.111942	0.799620	0.086439
0.240394	0.353827	0.124960	0.280820
0.215412	0.246392	0.098950	0.439246
0.188919	0.091936	0.185398	0.533747
0.154000	0.262500	0.316500	0.267000
0.153000	0.307500	0.198500	0.341000
