>merge_140
0.274461	0.240451	0.244258	0.240831
0.318933	0.222170	0.230794	0.228103
0.401847	0.183402	0.195822	0.218930
0.287245	0.205412	0.347307	0.160036
0.213602	0.264400	0.285537	0.236461
0.112542	0.017487	0.853981	0.015990
0.790467	0.012961	0.186827	0.009745
0.952565	0.005996	0.015622	0.025817
0.957382	0.011839	0.015971	0.014807
0.159864	0.427021	0.331705	0.081411
0.087771	0.322552	0.052794	0.536883
0.032231	0.003409	0.961988	0.002371
0.949049	0.012793	0.032928	0.005230
0.933596	0.007755	0.030576	0.028073
0.970195	0.006717	0.014713	0.008375
0.033542	0.635569	0.316098	0.014791
0.087142	0.299605	0.048425	0.564828
0.289914	0.148577	0.372890	0.188619
0.466005	0.180485	0.189568	0.163943
0.346184	0.206051	0.239204	0.208561
0.305160	0.216415	0.254361	0.224065
