>merge_143
0.197956	0.278741	0.274174	0.249130
0.135504	0.357361	0.265232	0.241903
0.670579	0.057337	0.111389	0.160695
0.644046	0.009011	0.155917	0.191026
0.998026	0.000000	0.001974	0.000000
0.000000	0.000000	1.000000	0.000000
0.000000	0.000000	0.000000	1.000000
0.000000	0.000000	0.000000	1.000000
0.000000	1.000000	0.000000	0.000000
0.647761	0.001416	0.350823	0.000000
0.059417	0.300771	0.047467	0.592346
0.148489	0.221874	0.362784	0.266854
0.276935	0.270472	0.285735	0.166857
0.521578	0.095417	0.251017	0.131988
0.546875	0.197164	0.145460	0.110501
0.352007	0.207031	0.245637	0.195325
0.142869	0.187336	0.209743	0.460051
0.151912	0.195822	0.165368	0.486898
0.178824	0.298513	0.168201	0.354462
0.217776	0.277266	0.271601	0.233357
