>merge_167
0.246422	0.241074	0.259508	0.252995
0.255778	0.236934	0.251560	0.255728
0.349092	0.161230	0.213305	0.276373
0.472315	0.126223	0.222514	0.178948
0.116740	0.617187	0.199180	0.066893
0.197471	0.698133	0.082740	0.021656
0.004292	0.005693	0.983697	0.006318
0.004962	0.006718	0.947333	0.040988
0.936385	0.009386	0.030917	0.023312
0.760844	0.014244	0.032430	0.192482
0.297097	0.078239	0.594227	0.030436
0.115804	0.234014	0.132749	0.517433
0.288899	0.177215	0.333341	0.200545
0.273071	0.226370	0.278459	0.222100
