>merge_50
0.236750	0.298838	0.248529	0.215883
0.256696	0.239524	0.404138	0.099642
0.115769	0.369179	0.220113	0.294939
0.029448	0.028586	0.016031	0.925935
0.985154	0.000790	0.013996	0.000060
1.000000	0.000000	0.000000	0.000000
0.000000	0.000351	0.000053	0.999597
0.000060	0.512908	0.003572	0.483461
0.123897	0.005631	0.869220	0.001251
0.937376	0.021540	0.032981	0.008103
0.029395	0.024704	0.025051	0.920850
0.027416	0.046629	0.030968	0.894986
0.645165	0.080173	0.092470	0.182192
0.292571	0.236362	0.237025	0.234042
