>merge_36
0.248059	0.268185	0.239983	0.243773
0.216269	0.330755	0.225525	0.227451
0.209669	0.372795	0.199233	0.218304
0.296310	0.196441	0.207226	0.300023
0.385401	0.079409	0.048559	0.486631
0.430352	0.012372	0.023732	0.533544
0.479511	0.017000	0.040914	0.462576
0.512214	0.052458	0.132310	0.303017
0.210663	0.109692	0.363174	0.316472
0.132185	0.228710	0.484640	0.154464
0.429024	0.101814	0.381664	0.087498
0.125633	0.378124	0.258180	0.238063
0.005500	0.910877	0.002495	0.081127
0.522806	0.046981	0.425972	0.004240
0.552378	0.054083	0.000602	0.392937
0.000062	0.000000	0.000000	0.999938
0.012753	0.000565	0.000062	0.986619
0.994454	0.000068	0.003273	0.002205
0.247876	0.060359	0.615231	0.076535
0.135990	0.341571	0.271778	0.250661
0.212020	0.251690	0.326659	0.209631
