>merge_153
0.297129	0.220096	0.243062	0.239713
0.379780	0.207231	0.214715	0.198274
0.238589	0.252316	0.319232	0.189862
0.203783	0.287343	0.263276	0.245598
0.183206	0.115618	0.611502	0.089674
0.611438	0.076903	0.232351	0.079308
0.730423	0.068471	0.078972	0.122134
0.877391	0.035920	0.032165	0.054524
0.136016	0.509482	0.249962	0.104540
0.039947	0.563258	0.111069	0.285726
0.009031	0.001128	0.988003	0.001838
0.975474	0.004801	0.014525	0.005199
0.930425	0.001955	0.015555	0.052064
0.981293	0.004098	0.003436	0.011173
0.035470	0.739111	0.209623	0.015796
0.088004	0.338695	0.069219	0.504082
0.361120	0.111449	0.418481	0.108951
0.447757	0.187825	0.219958	0.144460
0.351544	0.202464	0.224715	0.221277
0.329231	0.226759	0.220237	0.223773
0.243392	0.277549	0.245932	0.233127
