>merge_68
0.227806	0.299386	0.245375	0.227433
0.226595	0.240016	0.332985	0.200405
0.316139	0.236031	0.248520	0.199310
0.398626	0.247864	0.159077	0.194433
0.591285	0.162727	0.098841	0.147147
0.151294	0.574948	0.151112	0.122646
0.013949	0.839096	0.077246	0.069708
0.002563	0.005592	0.989422	0.002423
0.989608	0.006012	0.002656	0.001724
0.895785	0.002610	0.005033	0.096573
0.965449	0.016809	0.007456	0.010285
0.021190	0.866386	0.096533	0.015891
0.105168	0.372432	0.086815	0.435585
0.294046	0.257097	0.248618	0.200238
