>merge_24
0.192929	0.259282	0.436185	0.111604
0.140452	0.094850	0.269643	0.495055
0.797706	0.025115	0.170807	0.006373
0.005496	0.941523	0.010373	0.042608
0.032485	0.015249	0.949766	0.002500
0.003249	0.000875	0.001875	0.994001
0.000250	0.000500	0.997875	0.001375
0.289873	0.535447	0.057477	0.117203
0.161821	0.415831	0.232162	0.190185
0.185543	0.234543	0.234917	0.344997
0.225795	0.194672	0.403470	0.176064
0.214044	0.264648	0.273144	0.248165
0.194178	0.292515	0.318996	0.194311
0.221668	0.214061	0.342103	0.222168
0.147583	0.208281	0.415715	0.228421
0.097337	0.658635	0.162569	0.081459
0.537438	0.160309	0.204044	0.098208
0.122201	0.441943	0.230675	0.205181
0.258884	0.142572	0.499204	0.099340
