>merge_170
0.233033	0.264705	0.248501	0.253762
0.163727	0.377453	0.205356	0.253463
0.286657	0.341365	0.140178	0.231800
0.595000	0.016180	0.358085	0.030736
0.100077	0.876573	0.019260	0.004090
0.852422	0.004429	0.140706	0.002443
0.001286	0.000516	0.002357	0.995841
0.036165	0.002286	0.012429	0.949120
0.001080	0.984833	0.003945	0.010143
0.001786	0.797971	0.042180	0.158064
0.569003	0.033989	0.109131	0.287877
0.208791	0.155546	0.412971	0.222692
0.210217	0.278645	0.317103	0.194035
0.220275	0.367841	0.264580	0.147304
