>merge_79
0.225106	0.233051	0.226165	0.315678
0.225106	0.326801	0.232521	0.215572
0.344809	0.211335	0.231992	0.211864
0.216749	0.283458	0.323013	0.176780
0.274022	0.329298	0.224103	0.172577
0.646059	0.053391	0.288689	0.011860
0.003178	0.002462	0.002184	0.992176
0.001280	0.000750	0.981652	0.016318
0.994792	0.002119	0.001964	0.001125
0.019288	0.804817	0.148052	0.027843
0.084274	0.013863	0.011629	0.890234
0.070994	0.846025	0.032606	0.050375
0.885349	0.002648	0.065196	0.046806
0.014765	0.014831	0.939445	0.030959
0.021074	0.933151	0.030942	0.014833
0.457375	0.173500	0.176875	0.192250
