>merge_155
0.245050	0.234443	0.219184	0.301323
0.229268	0.187995	0.397656	0.185081
0.133451	0.277655	0.127658	0.461235
0.330201	0.330468	0.183291	0.156039
0.572722	0.085397	0.084234	0.257647
0.544484	0.051123	0.031439	0.372954
0.000948	0.018115	0.000740	0.980197
0.493803	0.010864	0.495321	0.000013
0.000093	0.008835	0.000043	0.991030
0.000144	0.000689	0.000689	0.998477
0.001894	0.011995	0.102775	0.883336
0.844159	0.012509	0.140587	0.002744
0.008291	0.848393	0.007213	0.136103
0.387064	0.105900	0.135177	0.371859
0.050398	0.253251	0.103511	0.592839
0.505932	0.059536	0.065655	0.368878
0.407547	0.134974	0.256455	0.201023
0.221099	0.282972	0.265149	0.230781
0.264153	0.256337	0.274801	0.204710
0.242211	0.278186	0.234484	0.245119
