>merge_41
0.398183	0.105975	0.138535	0.357307
0.170292	0.215591	0.372738	0.241378
0.068805	0.143483	0.156127	0.631585
0.600231	0.019359	0.362130	0.018279
0.015419	0.015994	0.928827	0.039760
0.015020	0.010556	0.957059	0.017365
0.027638	0.014339	0.068317	0.889706
0.085322	0.676337	0.002921	0.235419
0.971427	0.000244	0.006337	0.021992
0.068568	0.136869	0.732258	0.062304
0.004480	0.018133	0.030691	0.946697
0.660779	0.002431	0.335365	0.001426
0.001190	0.000491	0.971052	0.027267
0.004413	0.001971	0.991475	0.002140
0.013749	0.024049	0.059103	0.903098
0.002150	0.951108	0.008889	0.037853
0.795708	0.010912	0.180804	0.012575
0.243771	0.250248	0.277859	0.228121
0.206298	0.213773	0.338981	0.240948
0.234291	0.215914	0.313324	0.236471
