>merge_3
0.315611	0.213333	0.242668	0.228388
0.137442	0.321328	0.181496	0.359734
0.090888	0.382022	0.153834	0.373257
0.556115	0.080385	0.324296	0.039205
0.347849	0.031306	0.513933	0.106912
0.001128	0.990103	0.001627	0.007142
0.003134	0.990982	0.002379	0.003505
0.989859	0.000251	0.000251	0.009639
0.983351	0.004879	0.008515	0.003255
0.000877	0.006387	0.000000	0.992737
0.134566	0.584668	0.242090	0.038676
0.687560	0.036687	0.268494	0.007258
0.203072	0.169097	0.565629	0.062202
0.593732	0.201487	0.130430	0.074350
0.446413	0.032670	0.410789	0.110128
