>merge_138
0.237399	0.175403	0.412802	0.174395
0.286290	0.158266	0.395665	0.159778
0.221040	0.105690	0.579656	0.093614
0.255796	0.090628	0.530787	0.122789
0.302093	0.089135	0.527208	0.081565
0.234652	0.073514	0.617328	0.074507
0.220560	0.065450	0.643508	0.070481
0.366080	0.092107	0.471359	0.070454
0.256867	0.077514	0.578546	0.087073
0.265401	0.086085	0.567982	0.080532
0.309200	0.066977	0.536732	0.087090
0.165681	0.075529	0.699913	0.058877
0.240645	0.123835	0.565061	0.070459
0.487456	0.105236	0.234605	0.172703
0.193813	0.065432	0.656170	0.084585
0.262363	0.018622	0.612868	0.106147
0.189268	0.006548	0.787061	0.017123
0.053399	0.023183	0.915863	0.007554
0.093731	0.038280	0.856416	0.011573
0.780151	0.143874	0.002012	0.073963
0.036232	0.003023	0.943632	0.017114
0.070044	0.011082	0.883653	0.035221
0.431980	0.025199	0.512597	0.030225
0.150654	0.137072	0.573189	0.139085
0.249245	0.393109	0.185362	0.172284
0.340292	0.198441	0.215040	0.246227
0.233652	0.194416	0.389085	0.182847
