>merge_26
0.264476	0.237869	0.235645	0.262009
0.258837	0.179960	0.292555	0.268648
0.120386	0.176076	0.126811	0.576727
0.083852	0.039000	0.832291	0.044858
0.041457	0.886768	0.029605	0.042169
0.013391	0.006462	0.968358	0.011789
0.008792	0.001181	0.114645	0.875382
0.049723	0.000338	0.947533	0.002406
0.001873	0.001559	0.986619	0.009949
0.004859	0.002497	0.986815	0.005829
0.046475	0.843028	0.015011	0.095487
0.022596	0.012558	0.944166	0.020681
0.048075	0.025969	0.350232	0.575723
0.307255	0.111733	0.315891	0.265121
0.263577	0.168999	0.299610	0.267814
0.267054	0.223060	0.262848	0.247038
