>merge_175
0.289372	0.275308	0.213149	0.222171
0.441764	0.207727	0.164185	0.186324
0.437912	0.173413	0.170012	0.218663
0.290525	0.357732	0.169751	0.181992
0.535567	0.128616	0.197891	0.137926
0.419135	0.183498	0.204272	0.193096
0.173563	0.140779	0.181752	0.503906
0.288681	0.159895	0.327471	0.223954
0.169513	0.404026	0.178329	0.248132
0.142717	0.733455	0.015820	0.108009
0.852199	0.032058	0.006983	0.108761
0.002197	0.032371	0.012544	0.952887
0.001347	0.008360	0.002183	0.988109
0.032477	0.145220	0.817779	0.004524
0.184224	0.085721	0.028123	0.701931
0.089403	0.253787	0.166854	0.489956
0.193157	0.340437	0.156520	0.309886
0.207770	0.300785	0.207804	0.283641
0.229967	0.261780	0.251876	0.256378
