>merge_134
0.278521	0.232458	0.241396	0.247625
0.270089	0.280702	0.200005	0.249204
0.052334	0.059461	0.757713	0.130492
0.018541	0.009710	0.956722	0.015028
0.022502	0.008019	0.790981	0.178497
0.536439	0.022221	0.379233	0.062107
0.408832	0.286561	0.182305	0.122302
0.080691	0.018079	0.006388	0.894842
0.002821	0.027311	0.016658	0.953210
0.015168	0.336850	0.008789	0.639193
0.004798	0.962518	0.005477	0.027207
0.022504	0.934348	0.007208	0.035940
0.285771	0.519608	0.080858	0.113763
0.254334	0.217983	0.218952	0.308731
0.241856	0.241202	0.215943	0.301000
0.244394	0.259468	0.238632	0.257506
