>merge_113
0.248818	0.254844	0.246626	0.249712
0.219185	0.093258	0.332062	0.355495
0.179338	0.718801	0.074806	0.027055
0.456536	0.130685	0.161426	0.251353
0.017830	0.927346	0.013921	0.040902
0.744881	0.133302	0.053273	0.068544
0.106259	0.039238	0.848768	0.005735
0.007166	0.867341	0.027425	0.098068
0.553975	0.001356	0.420880	0.023789
0.010932	0.002507	0.937587	0.048974
0.004128	0.006375	0.983122	0.006375
0.163513	0.032994	0.674061	0.129432
0.148251	0.040757	0.731348	0.079644
0.095296	0.057438	0.730606	0.116659
0.040631	0.324740	0.177056	0.457572
0.271547	0.414101	0.168698	0.145653
0.253504	0.238821	0.239113	0.268561
