>merge_1
0.097149	0.697266	0.134047	0.071538
0.234792	0.111130	0.408019	0.246059
0.394431	0.119504	0.112449	0.373617
0.040884	0.630680	0.204946	0.123490
0.021685	0.021732	0.906583	0.050001
0.002860	0.011429	0.002417	0.983294
0.005229	0.000605	0.992247	0.001920
0.000000	0.000153	0.980262	0.019585
0.000000	0.000000	0.999698	0.000302
0.001008	0.000350	0.000403	0.998239
0.000050	0.000050	0.999800	0.000100
0.000203	0.000204	0.999442	0.000150
0.000154	0.024311	0.056304	0.919231
0.019447	0.967174	0.009352	0.004027
0.059211	0.291900	0.217818	0.431071
0.252463	0.203545	0.219553	0.324438
