>merge_64
0.258000	0.234333	0.265667	0.242000
0.246045	0.208960	0.317679	0.227316
0.253353	0.169322	0.346401	0.230924
0.480603	0.177136	0.280068	0.062193
0.011083	0.001958	0.006602	0.980357
0.007299	0.014375	0.937728	0.040598
0.970892	0.011698	0.001250	0.016160
0.033724	0.000000	0.954651	0.011625
0.001667	0.001041	0.001208	0.996084
0.030618	0.963882	0.003625	0.001875
0.994709	0.002083	0.001042	0.002166
0.031112	0.321001	0.129807	0.518081
0.221878	0.393269	0.150990	0.233862
0.252042	0.257042	0.240958	0.249958
0.248833	0.255500	0.236333	0.259333
0.249000	0.238500	0.254833	0.257667
