>merge_67
0.309049	0.209356	0.249744	0.231851
0.256902	0.160276	0.432260	0.150562
0.164032	0.024529	0.594648	0.216792
0.118852	0.001582	0.873238	0.006328
0.003675	0.002093	0.992163	0.002069
0.003675	0.002604	0.992650	0.001071
0.099829	0.839518	0.001047	0.059607
0.015795	0.001071	0.972596	0.010538
0.009564	0.014406	0.790930	0.185100
0.135231	0.005257	0.835296	0.024216
0.050728	0.027722	0.892558	0.028991
0.067415	0.834255	0.024144	0.074187
0.108250	0.478461	0.180662	0.232627
0.217724	0.107581	0.365475	0.309220
0.159915	0.149388	0.605503	0.085193
0.171554	0.158459	0.604920	0.065067
0.196931	0.220606	0.483008	0.099455
0.140999	0.236455	0.521461	0.101085
0.151109	0.201521	0.501576	0.145793
0.154755	0.170038	0.547717	0.127490
0.212423	0.228783	0.387270	0.171524
