>merge_38
0.135925	0.238933	0.264745	0.360398
0.109800	0.445696	0.225219	0.219285
0.034806	0.167641	0.035989	0.761564
0.018694	0.176821	0.747944	0.056541
0.987587	0.003449	0.006227	0.002737
0.007662	0.096436	0.129100	0.766803
0.014972	0.004174	0.030767	0.950087
0.009323	0.000493	0.976333	0.013851
0.350984	0.001992	0.645280	0.001745
0.051032	0.759170	0.016636	0.173162
0.290368	0.212749	0.189616	0.307268
0.219077	0.188158	0.418416	0.174349
