>merge_32
0.223406	0.274437	0.247432	0.254724
0.499413	0.113157	0.208724	0.178706
0.080824	0.146749	0.290819	0.481608
0.018012	0.027866	0.041842	0.912280
0.010742	0.005710	0.973282	0.010266
0.001011	0.001213	0.031737	0.966040
0.003400	0.000404	0.033916	0.962280
0.026306	0.955114	0.008330	0.010251
0.026442	0.037913	0.915195	0.020450
0.050862	0.130039	0.701160	0.117939
0.113323	0.083963	0.298310	0.504404
0.153639	0.121736	0.532725	0.191900
0.185240	0.141935	0.440250	0.232575
0.215036	0.210590	0.309216	0.265158
