>merge_127
0.244643	0.266726	0.244927	0.243705
0.237612	0.267933	0.263700	0.230755
0.229341	0.270101	0.264387	0.236171
0.225302	0.260768	0.270034	0.243896
0.284464	0.281922	0.244359	0.189256
0.286252	0.220497	0.360597	0.132654
0.089020	0.421307	0.179515	0.310158
0.020283	0.027220	0.007174	0.945323
0.952347	0.004852	0.030348	0.012452
0.987601	0.004822	0.006142	0.001436
0.014484	0.037669	0.010589	0.937258
0.000616	0.202745	0.023329	0.773310
0.555911	0.069411	0.142827	0.231851
0.481568	0.052572	0.464662	0.001197
0.822720	0.052229	0.071318	0.053733
0.015847	0.034076	0.018472	0.931605
0.075676	0.046811	0.013160	0.864354
0.902660	0.013795	0.035509	0.048035
0.312130	0.193904	0.318001	0.175964
0.171975	0.309856	0.215123	0.303046
0.241892	0.253790	0.241849	0.262470
