>merge_145
0.271864	0.224618	0.251772	0.251746
0.165548	0.188516	0.230299	0.415637
0.123163	0.122524	0.147654	0.606659
0.961613	0.008019	0.020794	0.009574
0.003861	0.016029	0.024161	0.955949
0.003194	0.595220	0.004465	0.397120
0.000876	0.000414	0.996316	0.002393
0.991898	0.002019	0.002608	0.003475
0.009201	0.016215	0.004005	0.970579
0.030960	0.407941	0.009060	0.552039
0.409341	0.109647	0.233942	0.247070
0.217569	0.229815	0.318532	0.234084
0.206667	0.266907	0.238087	0.288339
0.246998	0.231815	0.250521	0.270667
