>merge_142
0.249292	0.240928	0.272478	0.237302
0.237838	0.229270	0.299084	0.233807
0.230807	0.216188	0.363940	0.189064
0.296015	0.191276	0.305395	0.207314
0.248014	0.184361	0.454337	0.113288
0.282244	0.020564	0.420690	0.276502
0.072640	0.003136	0.906604	0.017621
0.008978	0.005009	0.972372	0.013641
0.016405	0.027620	0.951090	0.004886
0.143400	0.510928	0.005037	0.340635
0.031638	0.008933	0.927594	0.031835
0.027201	0.023355	0.604312	0.345132
0.105046	0.020381	0.815690	0.058883
0.101525	0.041627	0.772462	0.084386
0.120281	0.615568	0.118147	0.146003
0.167376	0.402331	0.187658	0.242635
0.207603	0.234056	0.311736	0.246604
0.235912	0.246583	0.290692	0.226813
0.237315	0.249341	0.277845	0.235499
0.249993	0.243983	0.270324	0.235700
