>merge_66
0.268066	0.241913	0.238180	0.251841
0.330350	0.200326	0.228825	0.240499
0.304156	0.251790	0.148124	0.295930
0.497070	0.088391	0.177446	0.237093
0.160803	0.179987	0.063283	0.595927
0.163558	0.251106	0.393661	0.191675
0.014570	0.490904	0.481032	0.013495
0.001702	0.994642	0.001371	0.002285
0.000659	0.955030	0.000558	0.043753
0.001624	0.228104	0.028101	0.742171
0.065081	0.448041	0.424492	0.062386
0.746757	0.056405	0.191032	0.005806
0.043627	0.006650	0.944855	0.004868
0.007455	0.007218	0.979020	0.006308
0.023836	0.709139	0.235692	0.031332
0.352427	0.202808	0.238282	0.206483
0.344823	0.212138	0.157701	0.285338
0.233012	0.221776	0.206709	0.338504
