>merge_154
0.261267	0.237359	0.249892	0.251482
0.308975	0.231303	0.231259	0.228463
0.204295	0.343877	0.338512	0.113315
0.142411	0.668390	0.144289	0.044910
0.023846	0.064854	0.006257	0.905044
0.331590	0.643760	0.024014	0.000636
0.615212	0.020925	0.363845	0.000019
0.000068	0.000910	0.000137	0.998885
0.000075	0.007168	0.000000	0.992757
0.994074	0.001169	0.004030	0.000726
0.612005	0.078499	0.239760	0.069736
0.058524	0.387130	0.162521	0.391825
0.175202	0.211855	0.295960	0.316983
0.321913	0.217420	0.233705	0.226962
0.257142	0.243909	0.241806	0.257142
