>merge_69
0.290500	0.162250	0.372625	0.174625
0.409016	0.072988	0.385291	0.132705
0.172578	0.110476	0.586721	0.130225
0.188560	0.155352	0.533240	0.122848
0.139203	0.246953	0.246033	0.367811
0.143600	0.563987	0.132590	0.159824
0.687935	0.134657	0.073460	0.103949
0.507311	0.044333	0.415641	0.032715
0.776769	0.004841	0.208304	0.010087
0.014216	0.001593	0.969354	0.014837
0.022832	0.009213	0.902411	0.065543
0.027944	0.073804	0.097562	0.800691
0.012586	0.875510	0.048575	0.063329
0.944112	0.012841	0.023585	0.019463
0.239448	0.249188	0.294643	0.216721
