>merge_123
0.203433	0.220857	0.305738	0.269972
0.163526	0.194253	0.209851	0.432369
0.094356	0.015481	0.027953	0.862209
0.042911	0.037672	0.916407	0.003009
0.030592	0.036108	0.014544	0.918756
0.021624	0.044634	0.039563	0.894179
0.026146	0.012193	0.216579	0.745083
0.499904	0.108846	0.165118	0.226131
0.024259	0.541447	0.098832	0.335462
0.242848	0.178100	0.217134	0.361918
0.151258	0.208649	0.186841	0.453253
0.344659	0.139544	0.182673	0.333124
0.241851	0.207748	0.343656	0.206745
0.192703	0.279463	0.288490	0.239343
