>merge_97
0.250000	0.240128	0.266841	0.243031
0.320584	0.237101	0.260509	0.181806
0.191715	0.397914	0.296799	0.113572
0.041274	0.718729	0.076700	0.163297
0.075102	0.015800	0.015045	0.894053
0.640476	0.348538	0.007792	0.003194
0.999310	0.000327	0.000278	0.000085
0.000019	0.000238	0.000107	0.999636
0.002682	0.000726	0.002085	0.994507
0.726763	0.002284	0.000000	0.270952
0.084893	0.022457	0.874232	0.018418
0.003711	0.934243	0.032919	0.029128
0.907528	0.034202	0.032934	0.025336
0.027029	0.040530	0.012155	0.920286
0.885936	0.021407	0.052953	0.039705
0.604182	0.138328	0.028998	0.228492
0.174984	0.194173	0.167803	0.463040
0.187989	0.276255	0.215593	0.320164
0.274463	0.230328	0.238168	0.257041
