>merge_82
0.255830	0.252631	0.249432	0.242107
0.219198	0.205450	0.347492	0.227859
0.100459	0.096664	0.160538	0.642339
0.007051	0.005399	0.010383	0.977167
0.004008	0.006530	0.002196	0.987266
0.080219	0.023151	0.010896	0.885734
0.985643	0.007760	0.004205	0.002391
0.010769	0.041393	0.007015	0.940823
0.105559	0.002748	0.497040	0.394653
0.382372	0.007878	0.576175	0.033576
0.034149	0.565487	0.287137	0.113227
0.190310	0.401587	0.160989	0.247114
0.163409	0.296809	0.195903	0.343879
0.187635	0.258199	0.227887	0.326278
0.241837	0.250893	0.237117	0.270153
0.241454	0.245408	0.234949	0.278189
