>merge_96
0.173000	0.223500	0.168000	0.435500
0.144000	0.254000	0.222500	0.379500
0.144500	0.437500	0.176000	0.242000
0.015478	0.808295	0.018446	0.157781
0.056345	0.024456	0.001496	0.917703
0.001500	0.039418	0.011968	0.947114
0.010970	0.002998	0.009972	0.976060
0.017970	0.171739	0.776890	0.033400
0.710133	0.033436	0.038888	0.217542
0.434301	0.047380	0.101349	0.416970
0.466902	0.182651	0.267570	0.082876
0.044414	0.064954	0.026958	0.863673
0.037936	0.177335	0.575086	0.209643
0.063382	0.428008	0.095247	0.413363
0.451564	0.118855	0.073839	0.355743
