>merge_29
0.324775	0.163568	0.355640	0.156018
0.459041	0.091765	0.376652	0.072542
0.083224	0.075239	0.750521	0.091016
0.070793	0.073391	0.701568	0.154248
0.056847	0.104420	0.135153	0.703579
0.076680	0.658656	0.094089	0.170575
0.802199	0.068370	0.058442	0.070989
0.791444	0.013866	0.113633	0.081057
0.906412	0.003868	0.083382	0.006338
0.003058	0.002507	0.988799	0.005636
0.005600	0.003208	0.935002	0.056189
0.007219	0.008015	0.021616	0.963150
0.012977	0.860879	0.041213	0.084932
0.831786	0.011100	0.141874	0.015240
0.315182	0.221233	0.133519	0.330065
0.222643	0.197727	0.343182	0.236448
0.242003	0.196212	0.365909	0.195875
0.248148	0.238721	0.305387	0.207744
