>merge_5
0.351588	0.176130	0.269779	0.202503
0.481502	0.061796	0.257362	0.199340
0.608008	0.046261	0.073255	0.272477
0.520568	0.098130	0.050567	0.330735
0.204952	0.234295	0.151773	0.408980
0.052525	0.049567	0.013420	0.884488
0.003500	0.011653	0.979580	0.005267
0.033914	0.955128	0.002038	0.008920
0.035570	0.032802	0.003538	0.928089
0.026879	0.019611	0.907252	0.046258
0.936440	0.011806	0.001000	0.050755
0.013844	0.091939	0.886602	0.007615
0.001576	0.000500	0.001076	0.996847
0.003000	0.992385	0.004615	0.000000
0.997309	0.001076	0.000538	0.001076
0.002538	0.241869	0.009538	0.746055
