>merge_168
0.264657	0.232554	0.294497	0.208291
0.419465	0.144719	0.194946	0.240870
0.563790	0.073227	0.178786	0.184197
0.367436	0.294465	0.178824	0.159275
0.127301	0.498740	0.365383	0.008577
0.496198	0.395625	0.098624	0.009553
0.014188	0.000256	0.984520	0.001036
0.000589	0.000343	0.998908	0.000160
0.996305	0.000956	0.001303	0.001436
0.959634	0.001839	0.000973	0.037553
0.149719	0.049266	0.793806	0.007209
0.035092	0.131048	0.050500	0.783360
0.318035	0.083924	0.513901	0.084140
0.304771	0.283384	0.283260	0.128586
0.268895	0.207766	0.268515	0.254824
0.254861	0.189832	0.227285	0.328022
0.212003	0.346808	0.254274	0.186915
0.208719	0.340171	0.246670	0.204440
0.223709	0.217713	0.324186	0.234392
0.240397	0.252087	0.274048	0.233468
0.246756	0.251056	0.249049	0.253138
