MEME version 4

ALPHABET= ACGT

strands: + -

Background letter frequencies
A 0.25 C 0.25 G 0.25 T 0.25

MOTIF AHR.H12CORE.0.P.B
letter-probability matrix: alength= 4 w= 10 nsites= 100
0.175474  0.306082  0.390828  0.127617
0.187438  0.361914  0.151545  0.299103
0.101695  0.132602  0.375872  0.389831
0.117647  0.058824  0.090728  0.732802
0.007976  0.066800  0.841476  0.083749
0.002991  0.983051  0.000997  0.012961
0.008973  0.001994  0.983051  0.005982
0.001994  0.000000  0.000000  0.998006
0.000997  0.000000  0.999003  0.000000
0.147557  0.747757  0.007976  0.096710

MOTIF ALX3.H12CORE.1.S.B
letter-probability matrix: alength= 4 w= 20 nsites= 100
0.233090  0.295424  0.287467  0.184019
0.252155  0.335046  0.259450  0.153349
0.207560  0.276525  0.372016  0.143899
0.088196  0.413793  0.159151  0.338859
0.011936  0.028515  0.007294  0.952255
0.996021  0.000000  0.003979  0.000000
1.000000  0.000000  0.000000  0.000000
0.000000  0.000000  0.000000  1.000000
0.000000  0.005968  0.000000  0.994032
0.852785  0.016578  0.111406  0.019231
0.470822  0.059682  0.466180  0.003316
0.585544  0.145889  0.151857  0.116711
0.039788  0.070955  0.085544  0.803714
0.104111  0.118037  0.060345  0.717507
0.740053  0.086870  0.100796  0.072281
0.309682  0.209549  0.285146  0.195623
0.179045  0.289788  0.248674  0.282493
0.185676  0.275862  0.308355  0.230106
0.190484  0.311174  0.317142  0.181200
0.183687  0.311671  0.297082  0.207560

MOTIF ANDR.H12CORE.0.P.B
letter-probability matrix: alength= 4 w= 17 nsites= 100
0.416000  0.018000  0.334000  0.232000
0.120000  0.018000  0.732000  0.130000
0.273000  0.250000  0.248000  0.229000
0.776000  0.051000  0.066000  0.107000
0.004000  0.948000  0.026000  0.022000
0.669000  0.030000  0.079000  0.222000
0.121000  0.266000  0.340000  0.273000
0.309000  0.201000  0.228000  0.262000
0.264000  0.340000  0.281000  0.115000
0.021000  0.019000  0.003000  0.957000
0.002000  0.002000  0.995000  0.001000
0.008000  0.003000  0.000000  0.989000
0.126000  0.091000  0.094000  0.689000
0.007000  0.979000  0.000000  0.014000
0.004000  0.511000  0.002000  0.483000
0.162000  0.252000  0.183000  0.403000
0.167000  0.128000  0.310000  0.395000

MOTIF ANDR.H12CORE.2.P.B
letter-probability matrix: alength= 4 w= 19 nsites= 100
0.144422  0.078685  0.109562  0.667331
0.070717  0.077689  0.751992  0.099602
0.087898  0.099851  0.053038  0.759213
0.176544  0.199452  0.149651  0.474353
0.073954  0.737301  0.037102  0.151643
0.103835  0.384711  0.050050  0.461404
0.173556  0.213396  0.212400  0.400647
0.183516  0.224353  0.248257  0.343875
0.201444  0.209412  0.265189  0.323954
0.197460  0.314990  0.152639  0.334910
0.062002  0.021165  0.033118  0.883715
0.182520  0.052042  0.756225  0.009213
0.033118  0.048058  0.017181  0.901643
0.017181  0.025149  0.143675  0.813994
0.020169  0.014193  0.107819  0.857819
0.388695  0.067978  0.502241  0.041086
0.063994  0.640687  0.041086  0.254233
0.326942  0.182520  0.064990  0.425548
0.083914  0.287102  0.171564  0.457420

MOTIF ARGFX.H12CORE.0.SM.B
letter-probability matrix: alength= 4 w= 15 nsites= 100
0.227621  0.331272  0.205241  0.235866
0.354240  0.229388  0.307126  0.109246
0.084806  0.480565  0.078916  0.355713
0.002356  0.001178  0.000000  0.996466
0.998822  0.001178  0.000000  0.000000
1.000000  0.000000  0.000000  0.000000
0.000000  0.001178  0.000000  0.998822
0.000000  0.000000  0.000000  1.000000
0.921084  0.007067  0.068316  0.003534
0.429918  0.103651  0.455830  0.010601
0.565371  0.239105  0.116608  0.078916
0.050648  0.249706  0.080094  0.619552
0.100118  0.126031  0.090695  0.683157
0.673734  0.134276  0.062426  0.129564
0.387515  0.171967  0.240283  0.200236

MOTIF ARNT2.H12CORE.0.P.B
letter-probability matrix: alength= 4 w= 13 nsites= 100
0.443883  0.094034  0.219414  0.242669
0.014156  0.746208  0.019211  0.220425
0.033367  0.046512  0.907988  0.012133
0.001011  0.004044  0.007078  0.987867
0.001011  0.003033  0.989889  0.006067
0.430738  0.456016  0.043478  0.069767
0.095046  0.523761  0.118301  0.262892
0.130435  0.275025  0.099090  0.495450
0.202224  0.102123  0.351871  0.343782
0.059656  0.214358  0.612740  0.113246
0.332659  0.382204  0.221436  0.063701
0.466127  0.221436  0.161780  0.150657
0.143579  0.125379  0.245703  0.485339

MOTIF ATF1.H12CORE.1.P.B
letter-probability matrix: alength= 4 w= 19 nsites= 100
0.017699  0.141593  0.725664  0.115044
0.026549  0.814159  0.088496  0.070796
0.026549  0.150442  0.743363  0.079646
0.132743  0.734513  0.061947  0.070796
0.168142  0.256637  0.398230  0.176991
0.106195  0.424779  0.265487  0.203540
0.265487  0.256637  0.238938  0.238938
0.132743  0.407080  0.336283  0.123894
0.194690  0.265487  0.044248  0.495575
0.194690  0.150442  0.424779  0.230088
0.619469  0.079646  0.221239  0.079646
0.026549  0.070796  0.044248  0.858407
0.044248  0.000000  0.823009  0.132743
0.902655  0.017699  0.061947  0.017699
0.017699  0.946903  0.008850  0.026549
0.035398  0.026549  0.929204  0.008850
0.044248  0.247788  0.000000  0.707965
0.336283  0.575221  0.061947  0.026549
0.646018  0.132743  0.132743  0.088496

MOTIF ATF4.H12CORE.2.SM.B
letter-probability matrix: alength= 4 w= 17 nsites= 100
0.277339  0.204840  0.236027  0.281794
0.369178  0.146416  0.146416  0.337991
0.242608  0.034022  0.551640  0.171729
0.074929  0.025516  0.791414  0.108141
0.627380  0.327258  0.044147  0.001215
0.003240  0.003240  0.002430  0.991090
0.002430  0.002835  0.993520  0.001215
0.999595  0.000405  0.000000  0.000000
0.000000  0.721750  0.000000  0.278250
0.002430  0.000000  0.997570  0.000000
0.005670  0.002430  0.000405  0.991495
0.004050  0.992305  0.001215  0.002430
0.994735  0.000810  0.002430  0.002025
0.005265  0.006885  0.081409  0.906440
0.198056  0.543540  0.095990  0.162414
0.227521  0.396821  0.065512  0.310146
0.238153  0.221547  0.177400  0.362900

MOTIF BACH2.H12CORE.1.SM.B
letter-probability matrix: alength= 4 w= 17 nsites= 100
0.124962  0.273607  0.319721  0.281710
0.102781  0.529709  0.286036  0.081474
0.896569  0.013104  0.086226  0.004101
0.000400  0.000600  0.000300  0.998700
0.000100  0.000000  0.999200  0.000700
0.998800  0.001200  0.000000  0.000000
0.000000  0.440032  0.559968  0.000000
0.000000  0.000200  0.000100  0.999700
0.000300  0.999400  0.000100  0.000200
0.999400  0.000000  0.000500  0.000100
0.000700  0.059718  0.005302  0.934280
0.039012  0.170551  0.749225  0.041212
0.250175  0.297989  0.310093  0.141743
0.077923  0.075523  0.045114  0.801440
0.271081  0.070821  0.082725  0.575373
0.244148  0.191332  0.155722  0.408798
0.197959  0.264079  0.304891  0.233070

MOTIF BARH2.H12CORE.2.S.C
letter-probability matrix: alength= 4 w= 14 nsites= 100
0.214294  0.211684  0.238138  0.335884
0.363849  0.220907  0.280813  0.134431
0.760973  0.050890  0.141637  0.046501
0.191340  0.475563  0.165718  0.167378
0.001542  0.988731  0.000237  0.009490
0.266667  0.001898  0.731198  0.000237
0.265006  0.001423  0.000000  0.733571
0.000000  0.000000  0.000000  1.000000
0.000000  0.000000  0.000000  1.000000
1.000000  0.000000  0.000000  0.000000
0.148992  0.016370  0.759786  0.074852
0.031910  0.541281  0.165362  0.261447
0.176720  0.184075  0.509460  0.129745
0.235053  0.265065  0.251542  0.248339

MOTIF BARX1.H12CORE.0.P.C
letter-probability matrix: alength= 4 w= 11 nsites= 100
0.151515  0.257576  0.287879  0.303030
0.143939  0.439394  0.204545  0.212121
0.219697  0.037879  0.015152  0.727273
0.977273  0.000000  0.015152  0.007576
1.000000  0.000000  0.000000  0.000000
0.037879  0.015152  0.174242  0.772727
0.037879  0.015152  0.553030  0.393939
0.113636  0.181818  0.636364  0.068182
0.015152  0.166667  0.000000  0.818182
0.030303  0.015152  0.022727  0.931818
0.143939  0.053030  0.098485  0.704545

MOTIF BARX2.H12CORE.0.SM.B
letter-probability matrix: alength= 4 w= 13 nsites= 100
0.477138  0.077599  0.078400  0.366862
0.581405  0.021910  0.019306  0.377379
0.952023  0.005308  0.005409  0.037260
0.969050  0.013121  0.007011  0.010817
0.001402  0.354968  0.000801  0.642829
0.053185  0.892027  0.054788  0.000000
0.962440  0.000401  0.037159  0.000000
0.000100  0.000300  0.000000  0.999599
0.000100  0.001202  0.000000  0.998698
0.987079  0.000000  0.000701  0.012220
0.321114  0.202624  0.290264  0.185998
0.124700  0.410857  0.234675  0.229768
0.179813  0.289488  0.295498  0.235201

MOTIF BATF.H12CORE.0.P.B
letter-probability matrix: alength= 4 w= 19 nsites= 100
0.477000  0.097000  0.251000  0.175000
0.122000  0.348000  0.360000  0.170000
0.043000  0.023000  0.104000  0.830000
0.137000  0.366000  0.076000  0.421000
0.114000  0.306000  0.055000  0.525000
0.183000  0.452000  0.112000  0.253000
0.298000  0.113000  0.477000  0.112000
0.408000  0.107000  0.183000  0.302000
0.335000  0.014000  0.085000  0.566000
0.625000  0.114000  0.031000  0.230000
0.001000  0.000000  0.001000  0.998000
0.004000  0.027000  0.877000  0.092000
0.974000  0.002000  0.005000  0.019000
0.060000  0.553000  0.354000  0.033000
0.033000  0.016000  0.008000  0.943000
0.176000  0.616000  0.163000  0.045000
0.710000  0.034000  0.099000  0.157000
0.138000  0.211000  0.352000  0.299000
0.227000  0.379000  0.154000  0.240000

MOTIF BATF3.H12CORE.0.P.B
letter-probability matrix: alength= 4 w= 18 nsites= 100
0.425000  0.100000  0.239000  0.236000
0.171000  0.294000  0.316000  0.219000
0.067000  0.071000  0.151000  0.711000
0.175000  0.396000  0.138000  0.291000
0.196000  0.331000  0.071000  0.402000
0.231000  0.326000  0.136000  0.307000
0.296000  0.117000  0.429000  0.158000
0.429000  0.057000  0.239000  0.275000
0.367000  0.018000  0.126000  0.489000
0.626000  0.120000  0.048000  0.206000
0.004000  0.002000  0.001000  0.993000
0.007000  0.015000  0.881000  0.097000
0.954000  0.007000  0.012000  0.027000
0.056000  0.507000  0.412000  0.025000
0.086000  0.019000  0.009000  0.886000
0.153000  0.704000  0.123000  0.020000
0.796000  0.040000  0.044000  0.120000
0.165000  0.204000  0.368000  0.263000

MOTIF BCL6.H12CORE.0.PSM.A
letter-probability matrix: alength= 4 w= 16 nsites= 100
0.310433  0.213462  0.241664  0.234440
0.126876  0.281919  0.109787  0.481418
0.118088  0.019728  0.807724  0.054460
0.016116  0.951375  0.011392  0.021117
0.053209  0.014310  0.005140  0.927341
0.037371  0.052237  0.038483  0.871909
0.000556  0.000278  0.000139  0.999028
0.000000  0.998750  0.000000  0.001250
0.002501  0.052931  0.611142  0.333426
0.995832  0.000972  0.000972  0.002223
0.007502  0.000139  0.991525  0.000834
0.001250  0.001528  0.993193  0.004029
0.958600  0.004168  0.024034  0.013198
0.961378  0.003334  0.005557  0.029730
0.188802  0.215615  0.025285  0.570297
0.210579  0.187240  0.235308  0.366873

MOTIF BHE40.H12CORE.1.S.C
letter-probability matrix: alength= 4 w= 22 nsites= 100
0.207529  0.263264  0.297026  0.232181
0.206190  0.145096  0.346061  0.302653
0.094319  0.683816  0.123258  0.098607
0.640943  0.159700  0.137192  0.062165
0.157556  0.686495  0.074491  0.081458
0.075563  0.158092  0.710611  0.055734
0.078778  0.112540  0.163451  0.645230
0.072883  0.062701  0.682744  0.181672
0.290997  0.251340  0.265273  0.192390
0.244373  0.252412  0.267953  0.235263
0.256699  0.187031  0.353162  0.203108
0.280815  0.188103  0.389068  0.142015
0.013398  0.006967  0.490890  0.488746
0.000000  0.999464  0.000536  0.000000
1.000000  0.000000  0.000000  0.000000
0.000000  1.000000  0.000000  0.000000
0.000000  0.000000  1.000000  0.000000
0.000000  0.000000  0.000000  1.000000
0.000000  0.000000  1.000000  0.000000
0.563237  0.378349  0.022508  0.035906
0.158226  0.306672  0.230038  0.305064
0.230038  0.277733  0.243435  0.248794

MOTIF CDX2.H12CORE.1.M.C
letter-probability matrix: alength= 4 w= 10 nsites= 100
0.277248  0.275975  0.279792  0.166985
0.228796  0.059160  0.158397  0.553647
0.030534  0.011874  0.023325  0.934266
0.162002  0.000848  0.000000  0.837150
0.998304  0.000000  0.001696  0.000000
0.000000  0.786684  0.004241  0.209075
0.008058  0.011450  0.924512  0.055980
0.672604  0.107718  0.144190  0.075488
0.075806  0.324746  0.176739  0.422710
0.252120  0.271204  0.288168  0.188507

MOTIF CENPB.H12CORE.0.S.B
letter-probability matrix: alength= 4 w= 18 nsites= 100
0.293715  0.200189  0.183595  0.322502
0.356317  0.122627  0.129290  0.391766
0.417976  0.094280  0.045255  0.442489
0.026021  0.932118  0.000126  0.041735
0.008548  0.973350  0.000377  0.017725
0.000377  0.998366  0.000251  0.001006
0.001131  0.012445  0.982401  0.004023
0.000629  0.823256  0.080075  0.096040
0.451791  0.045380  0.178378  0.324450
0.018730  0.028661  0.000503  0.952106
0.295789  0.343306  0.188435  0.172470
0.211439  0.342300  0.276179  0.170082
0.396480  0.104463  0.087869  0.411188
0.637209  0.046009  0.263985  0.052797
0.032684  0.955374  0.002891  0.009051
0.062979  0.007794  0.927467  0.001760
0.664142  0.085512  0.061879  0.188466
0.803394  0.068887  0.056568  0.071150

MOTIF CPEB1.H12CORE.0.S.B
letter-probability matrix: alength= 4 w= 8 nsites= 100
0.144836  0.248237  0.244032  0.362894
0.005195  0.038714  0.030303  0.925788
0.015090  0.015461  0.000000  0.969450
0.000000  0.000124  0.000000  0.999876
0.000000  0.000371  0.000000  0.999629
1.000000  0.000000  0.000000  0.000000
0.088806  0.157947  0.103278  0.649969
0.228355  0.235900  0.216234  0.319511

MOTIF CPEB1.H12CORE.1.S.B
letter-probability matrix: alength= 4 w= 18 nsites= 100
0.173640  0.194216  0.378487  0.253658
0.123571  0.209076  0.377801  0.289552
0.070416  0.272977  0.271605  0.385002
0.000457  0.004115  0.002286  0.993141
0.007773  0.002743  0.001829  0.987654
0.003201  0.000914  0.000457  0.995428
0.000457  0.000457  0.000000  0.999086
0.992684  0.000000  0.000000  0.007316
0.003658  0.039781  0.009602  0.946959
0.159579  0.328761  0.065386  0.446273
0.290352  0.190215  0.101052  0.418381
0.094193  0.184271  0.084134  0.637403
0.172382  0.168724  0.082305  0.576589
0.130316  0.134431  0.053955  0.681299
0.134888  0.124371  0.056241  0.684499
0.208048  0.120713  0.084591  0.586648
0.233996  0.150777  0.096822  0.518404
0.234797  0.162551  0.150206  0.452446

MOTIF CREB5.H12CORE.0.P.B
letter-probability matrix: alength= 4 w= 11 nsites= 100
0.346000  0.159000  0.319000  0.176000
0.662000  0.115000  0.181000  0.042000
0.039000  0.006000  0.011000  0.944000
0.003000  0.011000  0.806000  0.180000
0.914000  0.029000  0.026000  0.031000
0.076000  0.038000  0.263000  0.623000
0.014000  0.117000  0.824000  0.045000
0.021000  0.104000  0.027000  0.848000
0.297000  0.667000  0.011000  0.025000
0.970000  0.013000  0.002000  0.015000
0.030000  0.117000  0.119000  0.734000

MOTIF CREM.H12CORE.1.P.C
letter-probability matrix: alength= 4 w= 18 nsites= 100
0.043912  0.388224  0.126747  0.441118
0.094810  0.170659  0.399202  0.335329
0.097804  0.574850  0.183633  0.143713
0.116766  0.240519  0.171657  0.471058
0.131737  0.178643  0.529940  0.159681
0.132735  0.112774  0.611776  0.142715
0.122754  0.150699  0.661677  0.064870
0.552894  0.184631  0.117764  0.144711
0.416168  0.092814  0.281437  0.209581
0.370259  0.106786  0.264471  0.258483
0.038922  0.026946  0.042914  0.891218
0.029940  0.011976  0.909182  0.048902
0.548902  0.047904  0.078842  0.324351
0.442116  0.394212  0.040918  0.122754
0.060878  0.075848  0.788423  0.074850
0.056886  0.120758  0.013972  0.808383
0.132735  0.537924  0.047904  0.281437
0.459082  0.228543  0.032934  0.279441

MOTIF CTCF.H12CORE.0.P.B
letter-probability matrix: alength= 4 w= 20 nsites= 100
0.121677  0.306748  0.099182  0.472393
0.161554  0.183027  0.469325  0.186094
0.301636  0.040900  0.525562  0.131902
0.052147  0.914110  0.018405  0.015337
0.005112  0.991820  0.001022  0.002045
0.782209  0.017382  0.127812  0.072597
0.026585  0.657464  0.305726  0.010225
0.209611  0.365031  0.037832  0.387526
0.916155  0.025562  0.039877  0.018405
0.003067  0.001022  0.994888  0.001022
0.394683  0.004090  0.598160  0.003067
0.027607  0.022495  0.573620  0.376278
0.006135  0.001022  0.991820  0.001022
0.016360  0.015337  0.931493  0.036810
0.064417  0.902863  0.007157  0.025562
0.213701  0.006135  0.767894  0.012270
0.073620  0.696319  0.199387  0.030675
0.094070  0.341513  0.074642  0.489775
0.391616  0.251534  0.322086  0.034765
0.109407  0.193252  0.348671  0.348671

MOTIF CTCFL.H12CORE.0.P.B
letter-probability matrix: alength= 4 w= 16 nsites= 100
0.174734  0.217237  0.440378  0.167651
0.042503  0.811098  0.112161  0.034238
0.023613  0.940968  0.023613  0.011806
0.336482  0.122786  0.371901  0.168831
0.082645  0.530106  0.370720  0.016529
0.109799  0.570248  0.092090  0.227863
0.864227  0.035419  0.062574  0.037780
0.014168  0.010626  0.975207  0.000000
0.186541  0.017710  0.787485  0.008264
0.047226  0.056671  0.769776  0.126328
0.021251  0.023613  0.936246  0.018890
0.021251  0.035419  0.903188  0.040142
0.072019  0.903188  0.023613  0.001181
0.160567  0.059032  0.740260  0.040142
0.062574  0.695396  0.177096  0.064935
0.108619  0.501771  0.138135  0.251476

MOTIF CUX1.H12CORE.2.P.C
letter-probability matrix: alength= 4 w= 19 nsites= 100
0.716000  0.017000  0.045000  0.222000
0.169000  0.116000  0.575000  0.140000
0.864000  0.058000  0.047000  0.031000
0.049000  0.011000  0.096000  0.844000
0.056000  0.025000  0.653000  0.266000
0.049000  0.080000  0.837000  0.034000
0.784000  0.078000  0.044000  0.094000
0.031000  0.037000  0.573000  0.359000
0.108000  0.081000  0.125000  0.686000
0.144000  0.278000  0.232000  0.346000
0.446000  0.075000  0.374000  0.105000
0.035000  0.562000  0.120000  0.283000
0.198000  0.051000  0.034000  0.717000
0.153000  0.413000  0.254000  0.180000
0.289000  0.058000  0.067000  0.586000
0.085000  0.030000  0.464000  0.421000
0.073000  0.055000  0.762000  0.110000
0.196000  0.182000  0.072000  0.550000
0.061000  0.213000  0.102000  0.624000

MOTIF DDIT3.H12CORE.0.P.B
letter-probability matrix: alength= 4 w= 11 nsites= 100
0.329399  0.305794  0.234979  0.129828
0.169528  0.124464  0.114807  0.591202
0.177039  0.148069  0.474249  0.200644
0.473176  0.200644  0.186695  0.139485
0.074034  0.047210  0.041845  0.836910
0.000000  0.001073  0.997854  0.001073
0.155579  0.788627  0.000000  0.055794
0.967811  0.027897  0.002146  0.002146
0.991416  0.002146  0.005365  0.001073
0.024678  0.202790  0.100858  0.671674
0.311159  0.373391  0.160944  0.154506

MOTIF DMRT1.H12CORE.1.M.C
letter-probability matrix: alength= 4 w= 13 nsites= 100
0.209262  0.373607  0.163301  0.253830
0.367688  0.292479  0.100279  0.239554
0.310585  0.114206  0.066852  0.508357
0.030641  0.661560  0.089136  0.218663
0.005571  0.077994  0.915042  0.001393
0.228412  0.527855  0.002786  0.240947
0.367688  0.004178  0.002786  0.625348
0.997214  0.002786  0.000000  0.000000
0.000000  1.000000  0.000000  0.000000
0.791086  0.047354  0.147632  0.013928
0.293872  0.091922  0.004178  0.610028
0.076253  0.221100  0.086003  0.616643
0.226323  0.224930  0.333565  0.215181

MOTIF DMRT3.H12CORE.0.S.C
letter-probability matrix: alength= 4 w= 16 nsites= 100
0.321783  0.235473  0.245810  0.196934
0.467709  0.228849  0.170740  0.132703
0.798374  0.041750  0.092132  0.067744
0.803794  0.013448  0.019570  0.163187
0.029406  0.001104  0.001505  0.967985
0.000401  0.000201  0.999398  0.000000
0.000401  0.000100  0.000201  0.999297
0.991068  0.000100  0.000401  0.008430
0.240365  0.000301  0.037937  0.721397
0.001104  0.997190  0.001104  0.000602
0.825070  0.047170  0.096548  0.031212
0.836612  0.019671  0.023786  0.119932
0.205038  0.033822  0.023384  0.737756
0.128563  0.078984  0.054396  0.738057
0.086311  0.155861  0.117322  0.640506
0.187952  0.231408  0.262721  0.317920

MOTIF E2F3.H12CORE.1.SM.B
letter-probability matrix: alength= 4 w= 15 nsites= 100
0.480072  0.088768  0.067029  0.364130
0.503623  0.014493  0.050725  0.431159
0.195652  0.000000  0.257246  0.547101
0.000000  0.289855  0.710145  0.000000
0.000000  0.000000  1.000000  0.000000
0.000000  1.000000  0.000000  0.000000
0.000000  0.000000  1.000000  0.000000
0.000000  1.000000  0.000000  0.000000
0.000000  0.869565  0.130435  0.000000
0.862319  0.090580  0.003623  0.043478
0.797101  0.000000  0.010870  0.192029
0.840580  0.018116  0.039855  0.101449
0.811594  0.021739  0.025362  0.141304
0.352355  0.207428  0.113225  0.326993
0.281703  0.212862  0.209239  0.296196

MOTIF E2F4.H12CORE.0.P.B
letter-probability matrix: alength= 4 w= 15 nsites= 100
0.107107  0.297297  0.574575  0.021021
0.003003  0.081081  0.909910  0.006006
0.045045  0.934935  0.008008  0.012012
0.013013  0.015015  0.936937  0.035035
0.006006  0.321321  0.662663  0.010010
0.054054  0.158158  0.737738  0.050050
0.603604  0.173173  0.146146  0.077077
0.484484  0.142142  0.229229  0.144144
0.388388  0.109109  0.215215  0.287287
0.178178  0.102102  0.118118  0.601602
0.113113  0.145145  0.097097  0.644645
0.067067  0.311311  0.204204  0.417417
0.329329  0.116116  0.407407  0.147147
0.559560  0.094094  0.255255  0.091091
0.556557  0.109109  0.185185  0.149149

MOTIF E2F7.H12CORE.0.S.C
letter-probability matrix: alength= 4 w= 16 nsites= 100
0.332458  0.100049  0.312757  0.254736
0.362470  0.024085  0.060349  0.553096
0.132929  0.020567  0.049686  0.796817
0.039511  0.013856  0.011907  0.934726
0.006820  0.000758  0.003247  0.989175
0.000541  0.030418  0.968933  0.000108
0.000000  0.000974  0.999026  0.000000
0.000000  1.000000  0.000000  0.000000
0.000000  0.000000  1.000000  0.000000
0.000000  0.005629  0.994371  0.000000
0.000325  0.002923  0.996753  0.000000
0.996969  0.000108  0.001515  0.001407
0.937324  0.002165  0.054233  0.006278
0.701234  0.073176  0.054882  0.170708
0.286020  0.138585  0.173225  0.402170
0.195145  0.176310  0.230651  0.397895

MOTIF E2F8.H12CORE.1.SM.B
letter-probability matrix: alength= 4 w= 13 nsites= 100
0.371789  0.105922  0.121100  0.401189
0.158830  0.068191  0.175706  0.597272
0.089790  0.066653  0.560921  0.282636
0.275313  0.012630  0.692953  0.019104
0.000849  0.998620  0.000000  0.000531
0.000000  0.000000  1.000000  0.000000
0.000106  0.002547  0.997347  0.000000
0.000318  0.000212  0.999363  0.000106
0.989705  0.000000  0.009552  0.000743
0.924432  0.004352  0.059117  0.012099
0.720760  0.063787  0.053067  0.162386
0.344248  0.155434  0.130280  0.370038
0.229702  0.206246  0.213251  0.350801

MOTIF ESR1.H12CORE.0.P.B
letter-probability matrix: alength= 4 w= 15 nsites= 100
0.632479  0.055556  0.271368  0.040598
0.049145  0.005342  0.840812  0.104701
0.034188  0.006410  0.942308  0.017094
0.045940  0.024573  0.157051  0.772436
0.001068  0.911325  0.024573  0.063034
0.854701  0.008547  0.098291  0.038462
0.076923  0.486111  0.276709  0.160256
0.000000  0.591880  0.000000  0.408120
0.160256  0.325855  0.339744  0.174145
0.016026  0.085470  0.007479  0.891026
0.066239  0.013889  0.918803  0.001068
0.789530  0.135684  0.018162  0.056624
0.008547  0.951923  0.008547  0.030983
0.112179  0.840812  0.001068  0.045940
0.042735  0.285256  0.043803  0.628205

MOTIF ESR2.H12CORE.0.P.B
letter-probability matrix: alength= 4 w= 15 nsites= 100
0.517928  0.084661  0.362550  0.034861
0.100598  0.004980  0.819721  0.074701
0.064741  0.031873  0.864542  0.038845
0.082669  0.104582  0.227092  0.585657
0.006972  0.819721  0.065737  0.107570
0.717131  0.021912  0.207171  0.053785
0.108566  0.519920  0.285857  0.085657
0.317729  0.682271  0.000000  0.000000
0.148406  0.382470  0.305777  0.163347
0.093625  0.197211  0.046813  0.662351
0.081673  0.039841  0.876494  0.001992
0.524900  0.264940  0.096614  0.113546
0.025896  0.870518  0.028884  0.074701
0.069721  0.840637  0.006972  0.082669
0.053785  0.358566  0.068725  0.518924

MOTIF ETV4.H12CORE.1.SM.B
letter-probability matrix: alength= 4 w= 13 nsites= 100
0.301477  0.202662  0.265609  0.230252
0.240113  0.199852  0.390021  0.170013
0.805641  0.007153  0.090946  0.096260
0.008992  0.965972  0.024014  0.001022
0.034028  0.965972  0.000000  0.000000
0.000000  0.000000  1.000000  0.000000
0.000000  0.000000  1.000000  0.000000
1.000000  0.000000  0.000000  0.000000
0.962293  0.000102  0.000000  0.037605
0.040262  0.005416  0.954220  0.000102
0.011547  0.129062  0.025853  0.833538
0.449469  0.085684  0.343399  0.121449
0.344318  0.266350  0.241212  0.148120

MOTIF ETV7.H12CORE.1.P.C
letter-probability matrix: alength= 4 w= 7 nsites= 100
0.219039  0.436229  0.280961  0.063771
0.683919  0.085028  0.158041  0.073013
0.004621  0.000924  0.988909  0.005545
0.009242  0.014787  0.970425  0.005545
0.979667  0.005545  0.010166  0.004621
0.950092  0.001848  0.042514  0.005545
0.434381  0.021257  0.508318  0.036044

MOTIF FER3L.H12CORE.0.SM.B
letter-probability matrix: alength= 4 w= 16 nsites= 100
0.261162  0.192352  0.285114  0.261372
0.047379  0.364534  0.373043  0.215044
0.001366  0.000105  0.997794  0.000735
0.001576  0.120286  0.001051  0.877088
0.865637  0.034668  0.099275  0.000420
0.987919  0.010190  0.001786  0.000105
0.000000  1.000000  0.000000  0.000000
1.000000  0.000000  0.000000  0.000000
0.000000  0.001261  0.869839  0.128900
0.144133  0.851770  0.004097  0.000000
0.000420  0.000105  0.000000  0.999475
0.000000  0.000000  0.999580  0.000420
0.022271  0.044963  0.248871  0.683895
0.011136  0.329236  0.179431  0.480197
0.385965  0.063977  0.499212  0.050846
0.051791  0.818678  0.041076  0.088455

MOTIF FEZF1.H12CORE.0.P.B
letter-probability matrix: alength= 4 w= 12 nsites= 100
0.257000  0.162000  0.433000  0.148000
0.149000  0.504000  0.060000  0.287000
0.057000  0.016000  0.031000  0.896000
0.010000  0.020000  0.964000  0.006000
0.026000  0.637000  0.106000  0.231000
0.013000  0.343000  0.049000  0.595000
0.044000  0.782000  0.029000  0.145000
0.253000  0.082000  0.012000  0.653000
0.012000  0.151000  0.025000  0.812000
0.028000  0.018000  0.009000  0.945000
0.022000  0.145000  0.037000  0.796000
0.141000  0.340000  0.202000  0.317000

MOTIF FOXD2.H12CORE.1.SM.B
letter-probability matrix: alength= 4 w= 15 nsites= 100
0.271412  0.178118  0.216758  0.333712
0.010254  0.082162  0.004985  0.902598
0.391363  0.002170  0.606364  0.000103
0.000310  0.002790  0.002376  0.994524
0.000310  0.000723  0.007955  0.991011
0.659366  0.000103  0.091022  0.249509
0.155388  0.001136  0.211489  0.631987
0.000620  0.263767  0.114785  0.620829
0.120880  0.121190  0.463374  0.294555
0.032648  0.113441  0.042050  0.811861
0.503461  0.013948  0.059924  0.422668
0.429900  0.057547  0.406034  0.106519
0.117367  0.218928  0.454489  0.209216
0.176800  0.215544  0.419904  0.187752
0.231145  0.195191  0.325473  0.248192

MOTIF FOXE1.H12CORE.0.SM.B
letter-probability matrix: alength= 4 w= 16 nsites= 100
0.311645  0.137065  0.287129  0.264161
0.149452  0.055774  0.123774  0.671000
0.002710  0.013032  0.002839  0.981419
0.009032  0.000387  0.990452  0.000129
0.000258  0.017806  0.002065  0.979871
0.001677  0.001161  0.026452  0.970710
0.261548  0.000258  0.279355  0.458839
0.203613  0.001677  0.229290  0.565419
0.003871  0.150968  0.150323  0.694839
0.301548  0.029935  0.128903  0.539613
0.008645  0.056645  0.019484  0.915226
0.784129  0.002065  0.015871  0.197935
0.466581  0.006968  0.494581  0.031871
0.042323  0.223097  0.513935  0.220645
0.142548  0.161516  0.584613  0.111323
0.197839  0.264548  0.283516  0.254097

MOTIF FOXE1.H12CORE.1.S.C
letter-probability matrix: alength= 4 w= 11 nsites= 100
0.174382  0.170639  0.253946  0.401033
0.064310  0.221486  0.296819  0.417385
0.222096  0.101367  0.406443  0.270094
0.015457  0.000000  0.002441  0.982102
0.000000  0.000000  0.000000  1.000000
0.000000  0.000000  1.000000  0.000000
0.000000  0.000000  0.000000  1.000000
0.000000  0.000000  0.000000  1.000000
0.220143  0.000000  0.051578  0.728279
0.296290  0.081028  0.151155  0.471526
0.206801  0.185975  0.220306  0.386918

MOTIF FOXH1.H12CORE.0.P.B
letter-probability matrix: alength= 4 w= 9 nsites= 100
0.112550  0.030876  0.046813  0.809761
0.000996  0.000000  0.999004  0.000000
0.004980  0.017928  0.005976  0.971116
0.006972  0.000996  0.868526  0.123506
0.000996  0.001992  0.769920  0.227092
0.969124  0.007968  0.000996  0.021912
0.041833  0.017928  0.030876  0.909363
0.004980  0.064741  0.001992  0.928287
0.095618  0.391434  0.410359  0.102590

MOTIF FOXJ2.H12CORE.1.SM.B
letter-probability matrix: alength= 4 w= 17 nsites= 100
0.173782  0.281716  0.258357  0.286146
0.313331  0.111559  0.233991  0.341120
0.215868  0.201369  0.101087  0.481675
0.010471  0.062424  0.005638  0.921466
0.339106  0.011277  0.647604  0.002014
0.006041  0.005638  0.003222  0.985099
0.013693  0.003222  0.002819  0.980266
0.015304  0.000403  0.017720  0.966573
0.999597  0.000000  0.000000  0.000403
0.000000  0.999597  0.000000  0.000403
0.996375  0.000805  0.000403  0.002416
0.989932  0.001208  0.002819  0.006041
0.016512  0.786549  0.002014  0.194925
0.925896  0.014096  0.050745  0.009263
0.644785  0.076923  0.124446  0.153846
0.362062  0.211841  0.090616  0.335481
0.315848  0.266311  0.257451  0.160391

MOTIF FOXJ2.H12CORE.2.S.B
letter-probability matrix: alength= 4 w= 20 nsites= 100
0.182964  0.298039  0.243850  0.275146
0.189296  0.298039  0.256880  0.255784
0.198246  0.198125  0.187896  0.415733
0.134559  0.072698  0.235631  0.557112
0.074403  0.030809  0.312348  0.582440
0.079640  0.016439  0.515952  0.387969
0.014369  0.031661  0.027642  0.926327
0.212007  0.028738  0.153921  0.605334
0.359961  0.043595  0.187409  0.409036
0.419630  0.080127  0.024111  0.476132
0.000609  0.006698  0.000487  0.992207
0.198246  0.000244  0.801510  0.000000
0.000000  0.000365  0.000000  0.999635
0.017414  0.001340  0.000000  0.981247
0.019727  0.000000  0.064540  0.915733
0.938261  0.002679  0.024233  0.034827
0.000852  0.583658  0.016074  0.399415
0.187287  0.114467  0.286897  0.411349
0.120708  0.142505  0.228964  0.507824
0.181777  0.150116  0.207593  0.460515

MOTIF FOXL1.H12CORE.0.S.B
letter-probability matrix: alength= 4 w= 20 nsites= 100
0.171641  0.185932  0.393863  0.248564
0.208316  0.149608  0.330636  0.311440
0.165616  0.110411  0.286955  0.437018
0.038952  0.051843  0.067535  0.841670
0.190416  0.059128  0.688665  0.061791
0.089814  0.014432  0.025641  0.870113
0.043155  0.003503  0.005464  0.947877
0.000000  0.000140  0.000140  0.999720
0.414880  0.000140  0.584980  0.000000
0.000000  0.002662  0.000000  0.997338
0.001261  0.000420  0.000420  0.997898
0.001541  0.000280  0.023960  0.974219
0.913689  0.004203  0.062912  0.019196
0.039092  0.364159  0.012330  0.584419
0.337116  0.069497  0.080146  0.513241
0.192938  0.077764  0.070057  0.659241
0.355612  0.073140  0.076643  0.494606
0.169679  0.321704  0.106487  0.402130
0.216127  0.341390  0.168768  0.273714
0.192938  0.378871  0.179908  0.248284

MOTIF FOXP3.H12CORE.0.P.B
letter-probability matrix: alength= 4 w= 10 nsites= 100
0.110331  0.190572  0.273821  0.425276
0.050150  0.296891  0.223671  0.429288
0.049147  0.319960  0.123370  0.507523
0.005015  0.010030  0.022066  0.962889
0.037111  0.048144  0.890672  0.024072
0.009027  0.033099  0.019057  0.938816
0.008024  0.013039  0.086259  0.892678
0.019057  0.011033  0.118355  0.851555
0.353059  0.124373  0.248746  0.273821
0.014042  0.498495  0.080241  0.407222

MOTIF FOXR2.H12CORE.0.M.C
letter-probability matrix: alength= 4 w= 17 nsites= 100
0.383119  0.119604  0.228443  0.268834
0.104214  0.327338  0.150462  0.417986
0.601644  0.100925  0.181809  0.115622
0.031141  0.045632  0.054471  0.868756
0.228880  0.052312  0.097431  0.621377
0.033607  0.033710  0.009455  0.923227
0.940699  0.001747  0.041418  0.016136
0.004419  0.180987  0.115725  0.698869
0.392703  0.004008  0.593422  0.009866
0.000000  0.081501  0.000822  0.917677
0.486023  0.068345  0.012127  0.433505
0.006989  0.006064  0.008016  0.978931
0.872559  0.009764  0.100103  0.017575
0.016650  0.252929  0.087667  0.642754
0.447379  0.068140  0.424255  0.060226
0.088181  0.210997  0.081295  0.619527
0.328417  0.184635  0.204471  0.282477

MOTIF GATA3.H12CORE.1.SM.B
letter-probability matrix: alength= 4 w= 11 nsites= 100
0.253440  0.166284  0.191514  0.388761
0.339450  0.438073  0.146789  0.075688
0.853211  0.000000  0.000000  0.146789
0.000000  0.000000  1.000000  0.000000
1.000000  0.000000  0.000000  0.000000
0.000000  0.000000  0.000000  1.000000
1.000000  0.000000  0.000000  0.000000
1.000000  0.000000  0.000000  0.000000
0.000000  0.071101  0.928899  0.000000
0.736239  0.116972  0.128440  0.018349
0.114679  0.089450  0.105505  0.690367

MOTIF GFI1B.H12CORE.1.S.C
letter-probability matrix: alength= 4 w= 21 nsites= 100
0.201821  0.191385  0.414162  0.192633
0.719204  0.050647  0.113373  0.116776
0.169238  0.089610  0.573162  0.167990
0.105036  0.070213  0.139859  0.684891
0.127269  0.119102  0.666856  0.086774
0.398707  0.296506  0.221983  0.082804
0.347323  0.171847  0.327926  0.152904
0.231284  0.202926  0.335413  0.230377
0.167763  0.115812  0.125567  0.590858
0.092899  0.010436  0.877722  0.018943
0.015540  0.948730  0.007600  0.028131
0.727314  0.148480  0.002949  0.121257
0.000681  0.254424  0.736842  0.008054
0.008848  0.000340  0.000454  0.990358
0.000000  0.000000  1.000000  0.000000
1.000000  0.000000  0.000000  0.000000
0.000000  0.000227  0.000227  0.999546
0.000227  0.000000  0.000340  0.999433
0.011116  0.011570  0.119442  0.857872
0.492939  0.170911  0.191101  0.145049
0.211973  0.193937  0.154690  0.439400

MOTIF GLI1.H12CORE.0.P.C
letter-probability matrix: alength= 4 w= 12 nsites= 100
0.099800  0.428144  0.144711  0.327345
0.036926  0.437126  0.415170  0.110778
0.064870  0.052894  0.007984  0.874251
0.031936  0.009980  0.927146  0.030938
0.003992  0.000000  0.796407  0.199601
0.000000  0.002994  0.997006  0.000000
0.057884  0.005988  0.007984  0.928144
0.003992  0.000998  0.995010  0.000000
0.003992  0.001996  0.980040  0.013972
0.000998  0.242515  0.103792  0.652695
0.044910  0.921158  0.013972  0.019960
0.089820  0.410180  0.057884  0.442116

MOTIF GLI3.H12CORE.1.M.C
letter-probability matrix: alength= 4 w= 15 nsites= 100
0.212748  0.202815  0.388245  0.196192
0.182119  0.221854  0.410596  0.185430
0.000000  0.000000  1.000000  0.000000
0.000000  0.000000  0.000000  1.000000
0.000000  0.000000  1.000000  0.000000
0.000000  0.000000  1.000000  0.000000
0.000000  0.000000  0.000000  1.000000
0.000000  1.000000  0.000000  0.000000
0.000000  0.496689  0.000000  0.503311
0.231788  0.162252  0.072848  0.533113
0.271523  0.102649  0.221854  0.403974
0.221854  0.208609  0.350993  0.218543
0.241722  0.281457  0.248344  0.228477
0.216887  0.236755  0.276490  0.269868
0.322020  0.182947  0.269040  0.225993

MOTIF GLI4.H12CORE.0.P.C
letter-probability matrix: alength= 4 w= 23 nsites= 100
0.058116  0.208417  0.117234  0.616232
0.085170  0.154309  0.439880  0.320641
0.313627  0.178357  0.257515  0.250501
0.128257  0.216433  0.309619  0.345691
0.034068  0.445892  0.334669  0.185371
0.240481  0.329659  0.129259  0.300601
0.042084  0.239479  0.114228  0.604208
0.103206  0.072144  0.464930  0.359719
0.060120  0.305611  0.506012  0.128257
0.030060  0.835671  0.054108  0.080160
0.526052  0.225451  0.104208  0.144289
0.026052  0.190381  0.062124  0.721443
0.019038  0.154309  0.017034  0.809619
0.018036  0.896794  0.050100  0.035070
0.474950  0.253507  0.188377  0.083166
0.578156  0.132265  0.227455  0.062124
0.074148  0.103206  0.633267  0.189379
0.025050  0.047094  0.615230  0.312625
0.056112  0.819639  0.036072  0.088176
0.084168  0.689379  0.039078  0.187375
0.176353  0.459920  0.100200  0.263527
0.164329  0.304609  0.116232  0.414830
0.100200  0.251503  0.295591  0.352705

MOTIF GLIS1.H12CORE.0.P.B
letter-probability matrix: alength= 4 w= 14 nsites= 100
0.097000  0.693000  0.196000  0.014000
0.213000  0.143000  0.217000  0.427000
0.040000  0.729000  0.111000  0.120000
0.175000  0.335000  0.059000  0.431000
0.008000  0.414000  0.558000  0.020000
0.015000  0.593000  0.016000  0.376000
0.329000  0.004000  0.493000  0.174000
0.008000  0.002000  0.925000  0.065000
0.001000  0.001000  0.992000  0.006000
0.475000  0.004000  0.457000  0.064000
0.009000  0.002000  0.987000  0.002000
0.114000  0.014000  0.825000  0.047000
0.014000  0.479000  0.162000  0.345000
0.205000  0.483000  0.182000  0.130000

MOTIF GLIS1.H12CORE.2.SM.B
letter-probability matrix: alength= 4 w= 19 nsites= 100
0.245039  0.184575  0.302235  0.268151
0.303782  0.188572  0.228610  0.279036
0.182328  0.072954  0.502159  0.242559
0.034551  0.859461  0.092098  0.013891
0.313529  0.039570  0.075055  0.571845
0.248628  0.308042  0.033734  0.409595
0.193183  0.500992  0.077040  0.228785
0.004436  0.010739  0.981207  0.003619
0.004202  0.066768  0.004085  0.924945
0.029415  0.000000  0.968600  0.001984
0.000000  0.000117  0.991362  0.008521
0.000117  0.000000  0.999650  0.000233
0.018209  0.000000  0.979923  0.001868
0.000233  0.000000  0.999416  0.000350
0.004436  0.000584  0.991712  0.003268
0.001751  0.048325  0.065484  0.884440
0.458504  0.341660  0.184078  0.015758
0.291526  0.114217  0.395529  0.198728
0.204535  0.174536  0.366435  0.254494

MOTIF GLIS2.H12CORE.0.SM.B
letter-probability matrix: alength= 4 w= 16 nsites= 100
0.246732  0.132728  0.371986  0.248554
0.094369  0.693962  0.170015  0.041653
0.302797  0.105218  0.089146  0.502839
0.220615  0.268081  0.059252  0.452052
0.038359  0.635594  0.057323  0.268724
0.198971  0.024001  0.769313  0.007715
0.033858  0.442623  0.030858  0.492660
0.208936  0.001500  0.677703  0.111861
0.000750  0.000107  0.983607  0.015536
0.000107  0.000000  0.999571  0.000321
0.000964  0.000107  0.998821  0.000107
0.000107  0.000000  0.999357  0.000536
0.000429  0.000429  0.993035  0.006107
0.000214  0.060645  0.082824  0.856316
0.336816  0.481249  0.148130  0.033805
0.260206  0.179203  0.297814  0.262777

MOTIF GMEB1.H12CORE.1.P.C
letter-probability matrix: alength= 4 w= 14 nsites= 100
0.075301  0.341365  0.255020  0.328313
0.155622  0.074297  0.305221  0.464859
0.394578  0.024096  0.555221  0.026104
0.038153  0.918675  0.006024  0.037149
0.006024  0.022088  0.949799  0.022088
0.010040  0.014056  0.023092  0.952811
0.078313  0.512048  0.387550  0.022088
0.501004  0.303213  0.070281  0.125502
0.031124  0.385542  0.416667  0.166667
0.075301  0.446787  0.165663  0.312249
0.200803  0.079317  0.600402  0.119478
0.052209  0.800201  0.040161  0.107430
0.026104  0.164659  0.708835  0.100402
0.028112  0.454819  0.154618  0.362450

MOTIF GMEB1.H12CORE.2.SM.B
letter-probability matrix: alength= 4 w= 15 nsites= 100
0.201372  0.324841  0.212028  0.261759
0.098022  0.158041  0.266199  0.477738
0.048628  0.065532  0.098236  0.787604
0.776580  0.000000  0.223420  0.000000
0.000000  1.000000  0.000000  0.000000
0.000000  0.000000  1.000000  0.000000
0.000000  0.000122  0.000000  0.999878
0.743998  0.225870  0.030132  0.000000
0.968765  0.015679  0.015556  0.000000
0.124449  0.318349  0.303160  0.254042
0.106320  0.303895  0.380206  0.209579
0.327536  0.238854  0.175037  0.258574
0.238609  0.396497  0.177976  0.186918
0.164380  0.286502  0.402254  0.146864
0.157888  0.290421  0.275110  0.276580

MOTIF GMEB2.H12CORE.0.P.C
letter-probability matrix: alength= 4 w= 14 nsites= 100
0.068931  0.362637  0.224775  0.343656
0.122877  0.072927  0.359640  0.444555
0.368631  0.014985  0.605395  0.010989
0.013986  0.959041  0.008991  0.017982
0.008991  0.019980  0.961039  0.009990
0.027972  0.004995  0.055944  0.911089
0.063936  0.502498  0.422577  0.010989
0.503497  0.319680  0.071928  0.104895
0.037962  0.350649  0.464535  0.146853
0.069930  0.465534  0.165834  0.298701
0.203796  0.060939  0.630370  0.104895
0.044955  0.783217  0.049950  0.121878
0.050949  0.190809  0.660340  0.097902
0.053946  0.493506  0.167832  0.284715

MOTIF GMEB2.H12CORE.2.SM.B
letter-probability matrix: alength= 4 w= 15 nsites= 100
0.251981  0.177419  0.313384  0.257216
0.344793  0.138653  0.392332  0.124222
0.150679  0.422892  0.307725  0.118704
0.041171  0.057725  0.560130  0.340973
0.048529  0.060696  0.283531  0.607244
0.870968  0.000000  0.129032  0.000000
0.000000  0.998302  0.001698  0.000000
0.000000  0.000000  1.000000  0.000000
0.000000  0.011885  0.000707  0.987408
0.574420  0.128466  0.216186  0.080928
0.820317  0.003254  0.170628  0.005801
0.059281  0.472694  0.361347  0.106678
0.080928  0.085456  0.797397  0.036220
